Node	BetweennessCentrality
0	0.0006317709760146523
1	0.0008963997392934761
2	0.0009356823368350402
3	0.0007257808425323465
4	0.00048224332566286916
5	0.00098176267725434
6	0.0006980325943580802
7	0.0007431831954104539
8	0.0012834113451052382
9	0.000968012550090975
10	0.0021053549188082116
11	0.0005811788631501166
12	0.00041341672401286117
13	0.0034919921765610884
14	0.0014353073876351907
15	0.0007259065810685466
16	0.0023985598800661924
17	0.0012618758742834954
18	0.0010347353044750358
19	0.004564704798354931
20	0.0001721133946051762
21	0.0018260536820970165
22	0.0002864638055193333
23	0.0012598355807262457
24	0.001293064090397896
25	0.002933724639090939
26	0.0009544264587597231
27	6.678394425686565e-05
28	0.0019439995693956314
29	0.00030738461941231783
30	0.0007106239492624151
31	0.00026390378328985725
32	0.0020098409847828036
33	0.0014094800961376708
34	0.000539292543617971
35	0.0003883868662917521
36	0.0006093330471055514
37	0.0002819758414819499
38	0.003768032008322227
39	0.0009769413679629312
40	0.0014449836728759131
41	0.0007832135042508319
42	0.0007586744447989855
43	0.0007957675044336202
44	0.0016576239000270212
45	0.0002374356490719707
46	0.0006480547063851058
47	0.0010215707662387698
48	0.0004369903755241408
49	0.0004719599847481307
50	0.0009185017712665518
51	0.0012671925847629385
52	0.0007035818312957296
53	0.002019012726739219
54	0.0018096884821572862
55	0.0005957993705294598
56	0.0004635367704390093
57	0.0012891805780809594
58	0.0008220729480551829
59	0.0042418305045089175
60	0.0020369519853258586
61	0.0003006853942657778
62	0.00011007078984318728
63	0.0023332444723794914
64	0.0012864786225794188
65	0.0015761663574089908
66	0.0024924830862434865
67	0.0007059215201266392
68	0.0014157570370008927
69	0.00016327854176593977
70	0.00045982267210404796
71	0.0007427878911996725
72	0.00036118858421749727
73	0.0014974762148835044
74	0.0002779700943041908
75	0.0028815027523077905
76	0.0014089487188688975
77	0.003153336082386999
78	0.00023880333065398488
79	0.0004551441205564479
80	0.0020468245934441775
81	0.0013950592182907368
82	0.001659380290975841
83	0.0007295180485075
84	0.0011273697562443248
85	0.001255981027897755
86	0.0018739595554051866
87	0.000725602923650216
88	0.0010566132899485772
89	0.0038334391614463573
90	0.0023012998486515762
91	0.0004820322730547624
92	0.0014672871112357392
93	0.004648422648255966
94	0.0012661335313371158
95	0.0002578976073001281
96	0.0007802528713128726
97	0.0009657474210483872
98	0.0001636211158750254
99	0.001976057371746576
100	0.001252406004763356
101	0.0004924595362559913
102	0.00038462881755579637
103	0.0031274803535269757
104	0.00028428833760897333
105	0.001279358764916237
106	0.0021968082611017164
107	0.0016762581615030834
108	0.0013980817601003423
109	0.0010150207241302006
110	0.001619869638968542
111	0.0058655834581977885
112	0.0006782722604857728
113	0.0007765998293292875
114	0.003831475908545775
115	0.0008791928873465507
116	0.0003011539081370162
117	0.0007399094521522019
118	0.0012355157546656568
119	0.0006041478301369648
120	0.0013906731286341344
121	0.00045041671356242674
122	0.001650820705237846
123	0.0013102651481105112
124	0.0028510888355635145
125	0.0004331223884508445
126	0.0007697839727316172
127	0.0017066164497589343
128	0.0005164041788858689
129	0.003357139946957405
130	0.002322375460375778
131	0.0007026832245521265
132	0.0011973035506357948
133	0.0012407411408138394
134	0.0016565462704988614
135	0.0015221339814130406
136	0.0002909820098052147
137	0.0015467334602386955
138	0.0027576983095748543
139	0.0011564541023575815
140	0.002237382519622146
141	0.0006217246091394941
142	0.0019313271445480411
143	0.0007084182109438406
144	0.0004629813508948753
145	0.002444968779773798
146	0.0009479637745948181
147	0.0002496676027775882
148	0.0004048394799650829
149	0.0028401156392002394
150	0.0009046820310211473
151	0.0017580848146660263
152	0.0005032008859816552
153	0.001281793968453853
154	0.0008383389853882707
155	0.0006149512914712267
156	0.0007342882058228158
157	0.002787207534194938
158	0.00042437005110937024
159	0.002750420471819255
160	0.0027886966088613067
161	0.0031725730486846966
162	0.000905991938424116
163	0.0013151443547925084
164	0.0015099017048671674
165	0.0008160323087009274
166	0.0011554143399066885
167	0.0020319519023083476
168	0.0011813128343749566
169	0.0006335154684140716
170	0.0002522721224397382
171	0.0011936121931841004
172	0.0010963759559037157
173	0.0028001686808402
174	0.0014892666416325229
175	0.002043813839012493
176	0.0010698057240006477
177	0.0010803791578875644
178	0.0012760987201424008
179	0.00170977103363831
180	0.0010501048339465774
181	0.00023286829396475307
182	0.0033236185470386878
183	0.0016531296710728298
184	0.004599153383326828
185	0.0021189500513619382
186	0.0029626746928254114
187	0.0011459718626963306
188	0.0005631659119097141
189	0.0010471499857087193
190	0.005349364547024883
191	0.0013479439536966968
192	0.0
193	0.0008978172155272698
194	0.0004979376564923321
195	0.0023999733252730348
196	0.0005697672236593994
197	0.0012456553636898133
198	0.002355509721740297
199	0.0018742089092400175
200	0.0011572538258868108
201	0.001554597659606141
202	0.0011127210708164886
203	0.001547411350871696
204	0.0010028641130494784
205	0.003222443168834349
206	0.001206546986055064
207	0.001172853346325121
208	0.00106614406864347
209	0.0020242415336196645
210	0.0031436141400438965
211	0.0007861188270881733
212	0.001616124397668118
213	0.0004557395207873943
214	0.0004976317781222173
215	0.0003006440636625292
216	0.001957895887105557
217	0.001459311056418294
218	0.0023247112096650467
219	0.0017052724553866592
220	0.0008810555157855896
221	0.0023027966247919163
222	0.00071982434806252
223	0.00292075870818718
224	0.0003942431576802134
225	0.0007639487486003257
226	0.0007247165387361851
227	0.002340995467652237
228	0.0003979862801467859
229	0.0010220110163443772
230	0.0012314131877266918
231	0.002046813884383715
232	0.0007734477869887232
233	0.004249738072637957
234	0.0024607170065475774
235	0.0008722461235138814
236	0.001571454728904884
237	0.0023237971138268363
238	0.0007195178512712463
239	0.0012061421196184606
240	0.0018404066265074982
241	0.0018265629881082266
242	0.002884645240521702
243	0.0008438942028263068
244	0.0009181797386267978
245	0.0009986496932047433
246	0.0007251070851162397
247	0.0026390409995561558
248	0.001427125444826456
249	0.0013684333152769817
250	0.0013350862141309843
251	0.0006989225851338029
252	0.0010227324872370896
253	0.0015248737176767797
254	0.0012521402705825445
255	0.0009971445375803558
256	0.0007362922715069449
257	0.0007408217234909462
258	0.0024857098407244775
259	0.0009149480097826092
260	0.0011639080552149881
261	0.0022221420069230132
262	0.0014690347807268722
263	0.0001386940741268902
264	0.0014696261663306087
265	0.00024005191987785593
266	0.0030930507597925067
267	0.0020623494277393997
268	0.002103987953411347
269	0.0008325837001172232
270	0.0032418575813839222
271	0.0019963871763638502
272	0.0003402541673045678
273	0.0011949845157208448
274	0.0016857516825471135
275	0.0036774666097803203
276	0.0006792090171874463
277	0.0015725813065232738
278	0.0009712719762730234
279	0.00225682544518221
280	0.0008149609273291559
281	0.005288609467876145
282	0.0011491558517087424
283	0.0021620749180221274
284	0.0022430791217636376
285	0.0007190856608133557
286	0.0035830676144655424
287	0.0009968984532715995
288	0.00017682378715868193
289	0.0012119342330817347
290	0.00032967952869961023
291	0.0024078911474460273
292	0.0011055159030385357
293	0.0012719990264146968
294	0.0015036513384650255
295	0.001302843009284093
296	0.0012221259807303185
297	0.0013798491566360406
298	0.002822317970168015
299	0.0011713595558012747
300	0.00033800207113726666
301	0.0011845431445589023
302	0.002220432746931836
303	0.0018795264619553256
304	0.0016374577520170016
305	0.004647748206545579
306	0.0007284869570632096
307	0.0006964249321397049
308	0.0014980412217641247
309	0.0009453819624014109
310	0.0008789008373107695
311	0.00017084423585403668
312	0.002433247833490393
313	0.0018541202504275165
314	0.001351284910733994
315	0.004765793141806478
316	0.0010406376631878396
317	0.0010731174336387093
318	0.0014618543367340038
319	0.000455851246342956
320	0.00035242470385045405
321	0.001594877878116814
322	0.00213222534094467
323	0.0030112138399537762
324	0.0003051028674693708
325	0.0007129397338465268
326	0.0017150179076948473
327	0.001138611733316944
328	0.001491808888337353
329	0.0015092564169327334
330	0.0020142336860198818
331	0.0009376052229510874
332	0.00165551702406927
333	0.0009459194971958351
334	0.0007017638658246241
335	0.000498787400965501
336	0.0016277276990757648
337	0.0012698076271364588
338	0.0002035667495153802
339	0.0014092864253104646
340	0.0017957315555105578
341	0.0011469966431428443
342	0.0033068485784177185
343	0.0014172235610681236
344	0.0031461019530894213
345	0.000537987451164455
346	0.0004822404800656936
347	0.0007811570011238251
348	0.0008096820732955154
349	0.003062901127710861
350	0.0009580903745136954
351	0.0009760273389024114
352	0.00011897880463211724
353	0.0004417760969540107
354	0.0010072893271690431
355	0.003129852124297608
356	0.0014729360227119462
357	0.0011841178297649067
358	0.0029026648256348193
359	0.003236532825435512
360	0.0012952266598594204
361	0.00045750128863491634
362	0.0018904476703474574
363	0.0013074980195670871
364	0.0009266173504779448
365	0.001437954350321926
366	0.0025519977102651976
367	0.0027529757125867985
368	0.00302626215818294
369	0.002261090654756037
370	0.0004161745579155696
371	0.0006326826680425773
372	0.0009837159545831057
373	0.0002499829101841734
374	0.000836114930829902
375	0.0006551682853908029
376	0.0013948957389211716
377	0.0007524093474150252
378	0.0007678084116392996
379	0.00026680181491061544
380	0.0012890392156082572
381	0.0010530195682275092
382	0.0010458298001004332
383	0.0009556512332311996
384	0.0011273526791112014
385	0.0026400911592701615
386	0.0009941738868779147
387	0.0006057547239340173
388	0.0030617246826698534
389	0.0013707541681464038
390	0.0022112596626155524
391	0.0001644811558098353
392	0.0015865507868295058
393	0.0015616227219140664
394	0.0022673701529085663
395	0.001143254234490341
396	0.0010082813736031666
397	0.00137945613224163
398	0.0015654794234446232
399	0.00034862207563834263
400	0.0006465912694502057
401	0.0007386318186364301
402	0.0004751276612610656
403	0.00016092414297720758
404	0.0007039427843646516
405	0.0008417808342111933
406	0.00043533739113371157
407	0.0032560354327396553
408	0.0026802410055869886
409	0.0021179508305725807
410	0.0016504105868588143
411	0.0013807696569464007
412	0.0006416924406365035
413	0.003882448542026515
414	0.0007362485714352299
415	0.0016194954617159698
416	0.001343677244090649
417	0.000608026687179539
418	0.0015684441540135818
419	0.0
420	0.003384960236099137
421	0.0011501399453312286
422	0.00012689563066709548
423	0.002793359258533508
424	0.001946877345431827
425	0.0004497964747187074
426	0.0005993233111091681
427	3.8302377373183206e-05
428	0.0010488051041238917
429	0.0038178239214589314
430	0.00030001334700517326
431	0.00254238992421928
432	0.0016756117162260796
433	0.00232696828349294
434	0.0004482370790377601
435	0.0009164645833163047
436	0.0010550485214439827
437	0.000547028407378465
438	0.0019299171261856227
439	0.0007949896339314544
440	0.00046369317884844424
441	0.0018223221008185485
442	0.0005024048386514976
443	0.00030742505379069315
444	0.001471077258869617
445	0.0002699901498518324
446	0.0011057361476569175
447	0.001679157870210118
448	0.00133847237966806
449	0.0022888891897366297
450	0.00028279464899267596
451	0.0027523671082676096
452	0.001606419359384387
453	0.0017200172931409344
454	0.0015289903701333207
455	0.0014958153928246668
456	0.0009654123461361337
457	0.0005838033825013592
458	0.00045029163574629617
459	0.0028515954154109528
460	0.0011142882535018748
461	0.0013112764111173694
462	0.001702703151558758
463	0.000994793533393129
464	0.0003660099344473596
465	0.0004163177480485488
466	0.00215289275810108
467	0.0007055889944928574
468	0.0004841119757654483
469	0.0004337842889614335
470	0.00117353606529412
471	0.0015489791905029919
472	0.000304988739207705
473	0.0007151091667762512
474	0.0009175776259687524
475	0.001119949793124568
476	0.0030063194872436143
477	0.0009504028657089537
478	0.0024964691528766335
479	0.0006411678037483897
480	0.002706062823343202
481	0.00043523396044872824
482	0.001100326195942461
483	0.002960937690529237
484	0.0019127164120129236
485	0.0005221495091625821
486	0.0009114160023339041
487	0.0015953804090169177
488	0.002721826011982756
489	0.0016323824548802317
490	0.0024171351682028145
491	0.00010192787877191921
492	0.002235084060292233
493	0.0021072173864267805
494	5.433500602613558e-05
495	0.0013013161273744422
496	0.0019947735954010063
497	0.0014089445802049196
498	0.0012855475348104825
499	0.0009898535762123926
500	0.0005488167770287507
501	0.001463053177121716
502	0.0011385027624500443
503	0.0004365904401923559
504	0.0013084950955858316
505	0.0008104483546477104
506	0.002644928507012136
507	0.0013149843952561609
508	0.0030526074035258696
509	0.0018278439849185718
510	0.0002338798142737258
511	0.0034328341801963115
512	0.001607057416002683
513	0.0028637520603352574
514	0.0005975589233490934
515	0.0008690444280315214
516	0.0009379967370123816
517	0.0010687125043494653
518	0.000937042436312716
519	0.0002354425301706016
520	0.0008317374595428403
521	0.0008195811613700083
522	0.0012590132182773348
523	0.0004737454930090942
524	0.0011713087093707035
525	0.0001698643033396327
526	0.0006737626296929812
527	0.0010380146549134038
528	0.0014093745879637826
529	0.0015316462540291788
530	0.0005226386728612593
531	0.0013246508609341219
532	0.0009885274694805678
533	0.001412678752082366
534	0.0024090333560075014
535	0.001243927522693584
536	0.00112323002569872
537	0.0005088164111654381
538	0.0009642043656011952
539	0.0014416780684050983
540	0.0007521814307157105
541	0.002546938791570724
542	0.0018207300647126805
543	0.002469365904107127
544	0.0004337021208263605
545	0.0004261967283170991
546	0.002445093108972296
547	0.001371999978229298
548	0.0005484199429472155
549	0.0010143606041784934
550	0.0009711286205941059
551	0.002392139154096565
552	0.0009639073720738112
553	0.0002211627378847776
554	5.106385771930176e-05
555	0.0014298927920350887
556	0.0009571926107624189
557	0.0006810516438633602
558	0.00149180408813979
559	0.0027415522809125193
560	0.001956940448416974
561	0.0008585430716601008
562	0.0021579903919024873
563	0.0012203856713465385
564	0.00046168583748445216
565	0.0014438116362547387
566	0.0021630154619834375
567	0.0012855788858246707
568	0.000826491154809679
569	0.002808386292550851
570	0.001258702657072221
571	0.0010045652421194848
572	0.0017278183357762632
573	0.00042303466399467904
574	0.0012485417191754364
575	0.0007211149825786967
576	0.0006791316390623416
577	0.0010903152649834964
578	0.0005921541279528526
579	0.001914289996545576
580	0.00231771436184487
581	0.00216976653038796
582	0.0023923550524326135
583	0.0017204126820160573
584	0.0008005794352552219
585	0.0008716170659527529
586	0.0007117004108998123
587	0.0015452430024883205
588	0.0004965543632645711
589	0.002444772385344421
590	0.001728832013992174
591	0.0012603670399979462
592	0.0015280399299844396
593	0.001181895110098969
594	0.0004851579407465958
595	0.0021867022509897607
596	0.0022343939641483856
597	0.001992623668696595
598	0.0003612795374935758
599	0.00030555957178732783
600	0.0007763529039397508
601	0.000699843325773864
602	0.00192376445992653
603	0.0018952403421725356
604	0.003559806997622527
605	0.002940564777939284
606	3.170309965512128e-05
607	0.0005673734363322293
608	4.63523225160172e-05
609	0.0011018846476009922
610	0.0005290833123948989
611	0.002988569851572366
612	0.0027662803998465147
613	0.002525165922035406
614	0.0026783869628868484
615	0.002437904950644409
616	0.0014938325504621857
617	0.0029110186287717894
618	0.0032362982634293893
619	0.001425420892313169
620	0.0023010611324931927
621	0.0004558285596264418
622	0.0018902642925918468
623	0.0024939440297184474
624	0.0017644100827899402
625	0.0013085580300275686
626	0.00024220769426053964
627	0.0004889920916168503
628	0.0005311888022925722
629	0.0005263373270513991
630	0.0027535158411469514
631	0.0021891505813625522
632	0.0018654860393200721
633	0.0010471947469761994
634	0.0005876742860512324
635	0.0022118647760825147
636	0.0008145639845200612
637	0.0006225279276856755
638	0.0015084238504948304
639	0.0022007543129669697
640	0.0013494073531752652
641	0.0041473648632573325
642	0.0030225097465620848
643	0.0006472060051667228
644	0.0016442797834934435
645	0.00026131139034020413
646	0.0034766619272783125
647	0.002330963230315195
648	0.0018969482562196508
649	0.0013428962188844395
650	0.0007263707523368296
651	0.001673517599952235
652	0.000936126457064252
653	0.0011879925833812566
654	0.0012036363344439676
655	0.00044390456258450417
656	0.002101721485846494
657	0.0008759585764714135
658	0.0006904722190738706
659	0.002370160267181979
660	0.0018580974819281165
661	0.0006220782029644136
662	0.0029209133499510914
663	0.0006464111261956411
664	0.0016983596833624395
665	0.0016645586845266788
666	0.0007356254578672069
667	0.0019832283972547765
668	0.0007997942063517562
669	0.001748604072405185
670	0.0012445586587999382
671	0.0020292293973638723
672	0.0010051490571240643
673	0.0008200372053858384
674	0.000993068861718444
675	0.0007406051073993417
676	0.002655806159051202
677	0.0008788925120410751
678	0.004430138078752123
679	0.003184652584048796
680	0.0006669534651122095
681	0.0009246629351532593
682	0.001576503198086015
683	0.001038172831472379
684	0.00014020106429603853
685	0.0010006044424041973
686	0.002137343512016749
687	0.0013419832848153455
688	0.0010022320167870304
689	0.0006724524084776876
690	0.00047416228518171665
691	0.0031514552024465444
692	0.000965508370875248
693	0.0015655157922919204
694	0.0021395413009418344
695	0.001010295619763159
696	0.002605972061458901
697	0.0011028418132050324
698	0.00027364089190021993
699	0.0017237514972582712
700	0.0006805960378807044
701	0.0009764840660829912
702	0.0025934446680347593
703	0.0015821817743588494
704	0.0030200976267338946
705	0.0016726748671779493
706	0.0017053960090027192
707	0.0006901878568299089
708	0.0004663522178990293
709	0.00016290612023259375
710	0.0006542444567923105
711	0.0010182219475764085
712	0.0014071206388120959
713	0.001114983559034481
714	0.0006582684668593414
715	0.000248153779797148
716	0.0006960947723245537
717	0.0005020264259508188
718	0.00017496686948257508
719	0.003909481460847038
720	0.002305617823712919
721	0.0006301935600574349
722	0.0012759983034692055
723	0.00013707725401698476
724	0.001191410092691603
725	0.0007353900010130906
726	0.00038604477745775946
727	0.0023132884618481406
728	0.0004927881223806461
729	0.00025492592188482025
730	0.0003599424990271511
731	0.0010886897442675793
732	0.0008081073407494581
733	0.00184230237891633
734	0.0026721545826798813
735	0.002791951347386743
736	0.0006173647270208103
737	0.0027688043853112917
738	0.0020585518660832503
739	0.0029108197725452476
740	0.0020753464402282983
741	0.0015666028288770662
742	0.0008744138493961289
743	0.0010357661252422684
744	0.0012924009656338814
745	0.0009062147261282868
746	0.00031161684901074714
747	0.0007417309206911247
748	0.0012784213345852222
749	0.0014684742473240885
750	0.0007065522890862543
751	0.0006091998200752872
752	0.0016172238931946286
753	0.001477792588290231
754	0.0022823940074657447
755	0.002175412293292908
756	0.0012710101170844553
757	0.0010561134661583292
758	0.0011270197432338186
759	0.0011626920731717268
760	0.0006378023547346989
761	0.0009752070194821164
762	0.0011187423446062238
763	0.001485645886485478
764	0.0029077979428404964
765	0.0026232171841520666
766	0.0018638551930279365
767	0.0013955736825858951
768	0.0020213849148129396
769	0.001139130371568593
770	0.0011470812192653835
771	0.0010275157533275801
772	0.0031558466827297524
773	0.0009646791633851374
774	0.00028719908468286144
775	0.0008229159285459618
776	0.002196894418982348
777	0.00082430355713189
778	0.0026705919168541446
779	0.0016735523423442704
780	0.00214325546589243
781	0.0055365068035424896
782	0.0005107867614929642
783	0.003841355610668507
784	0.0017801537350432288
785	0.0015757954702106448
786	0.002421352674478224
787	0.0020721405847842836
788	0.0020273258328696187
789	0.00026975835678271686
790	0.0009302814736918475
791	0.0006553967266339863
792	0.0007546839811284013
793	0.002366958488810059
794	0.00104846235672665
795	0.003397850767090159
796	0.0016529510132625336
797	0.000400124011879784
798	0.001609950498663583
799	0.0006352145284388652
800	0.001424548293734935
801	0.000481261561083174
802	0.0009435234399604532
803	0.00017796638723161813
804	0.0033844405958874703
805	0.00048816819984471676
806	0.00015148993717219275
807	0.0017725506862413336
808	0.0025550324400354617
809	0.0015330801120108384
810	0.0031632137119347106
811	0.0008111932789838259
812	0.0013577718404907146
813	0.0015803508205322642
814	0.0016506708426334018
815	0.0032525116734049993
816	0.0014143217569146682
817	0.0007917596326126446
818	0.0006716274473661483
819	0.0006080368983773521
820	0.005233803485776063
821	0.0004515857093456614
822	0.0016949078952613167
823	0.000973725495786271
824	0.0004640213655391462
825	0.00023969058117182456
826	0.0009701658448217284
827	0.0012565096906469587
828	0.0028023553409073313
829	0.0005109488121071935
830	0.001469244711759153
831	0.0014042254798620113
832	0.0007583168456393155
833	0.0011858054411960242
834	0.0007325764514169043
835	0.0001693006746804817
836	0.0021159713965007696
837	0.0014307935593612106
838	0.0014362095847223722
839	0.0007811331945706354
840	0.00016395425556023886
841	0.002614700796975362
842	0.0010091679509478576
843	0.003189442967361081
844	0.0013113696698165407
845	0.0026161801346045936
846	0.0020083058641700113
847	0.0026601968867181617
848	0.0013273047060119445
849	0.0016422379280257547
850	0.0011787770394208485
851	0.00418334304300399
852	0.0010961057318105668
853	0.0034941342555738974
854	0.0007053866109012064
855	0.0010477203406411965
856	0.0007178899832633162
857	0.0012292923885067488
858	0.002138688781454776
859	0.0017350518682620324
860	0.0006920456794524113
861	0.0006282208666620855
862	0.0004519021728693086
863	0.0009330143366065446
864	0.0019179793831246965
865	0.0011754151289810938
866	0.003156447533127578
867	0.0037398510414126825
868	0.001995249521814235
869	0.00016116572192362088
870	0.0007355684038883342
871	0.0006457420966055493
872	0.0015236125547669463
873	0.0006866036314235236
874	0.0011277203698534842
875	0.0012123582383298066
876	0.0012793111345933172
877	0.0005929783427423745
878	0.0007423129815530107
879	0.0020774370457216293
880	0.0009751322207208875
881	0.002134260978853137
882	0.0010729710620921097
883	0.0007652947259718702
884	0.0024892409578292814
885	0.000706433807595731
886	0.0007246213137059587
887	0.0001767476347983525
888	0.0013568151576464444
889	0.001307541357728697
890	0.001537206451335996
891	0.001228198945468777
892	0.0017285908092418022
893	0.002095316025333322
894	0.0003745039481391951
895	0.0007106631377043373
896	0.0018181378664420065
897	0.0028298183246860046
898	0.0006353731450751143
899	0.0007033955849485207
900	0.0013559937947102822
901	0.0009254262782776739
902	0.0015234610451301705
903	0.0004996318074363233
904	0.002262333676924647
905	0.0030476695939021664
906	0.0014341041030427966
907	0.001691584170491984
908	0.001351475889351001
909	0.0028236949233504892
910	0.0006093031212277058
911	0.001545354459633287
912	0.002462245033682961
913	0.00445248641915632
914	0.0010925628082002086
915	0.00029866187790030245
916	0.0
917	4.701595224752555e-05
918	0.0011031205174074998
919	0.003836828485929594
920	0.0012262354143369016
921	0.003124590126740412
922	0.002030284111280967
923	0.0014997593277571706
924	0.0005786547195912348
925	0.0028826859718410454
926	0.0022737037953287046
927	0.0006209896733708323
928	0.004101255514478351
929	0.004207587813486777
930	0.0006477252624194256
931	0.00443694896629816
932	0.0011960219472786603
933	0.0008274956125497081
934	0.001265409654581227
935	0.0022578622934751077
936	0.0013649831475711024
937	0.003051506943191469
938	0.0015357203857227118
939	0.0014000674909750742
940	0.0009633102881824998
941	0.0011686451644559064
942	0.0007650135949374844
943	0.0019697559687025306
944	0.0020363394018916344
945	0.0008906524869801992
946	0.0007313127296901218
947	0.0022573668277652234
948	0.0005036895601527765
949	0.0017102862907051855
950	0.00272899052520829
951	0.0017134288201293237
952	0.0020791878790668555
953	0.0004435493796568712
954	0.0009389035720401263
955	0.00046807176890698157
956	0.0014434131323049504
957	0.00038116256337778024
958	0.0004428213627679598
959	0.0006337561851429732
960	0.0016265591586177657
961	0.0015703036494171129
962	0.0009491548602078251
963	0.0015448564918855863
964	0.0029493959074904925
965	0.0009901994816201199
966	0.0005037140207422555
967	0.0010320489847940424
968	0.0008302244546912743
969	0.003299035641580006
970	0.0017055420008803442
971	0.0012455361002406621
972	0.002331420160098455
973	0.0021813926300798306
974	0.004514162401302172
975	0.0039780588220080905
976	0.00027410010381144083
977	0.0007326997870948907
978	0.0007788977755852486
979	0.0017646156109276583
980	0.001271076552207378
981	0.0016065439739210998
982	0.0009398948000900265
983	0.0001954229764112663
984	0.0007770763266631373
985	0.0006612298552775561
986	0.0011063977167824238
987	0.0030467583234884796
988	0.0011809626404647076
989	0.001572850295472387
990	0.0006373857090040976
991	0.0014481831029949982
992	0.003144024702656407
993	0.0012090046099375248
994	0.0009129874914652118
995	0.0015390463662174907
996	0.002385516897055324
997	0.00045166822909666667
998	0.0013244373007191444
999	0.001489034760867231
1000	0.001505144391350392
1001	0.0019149963912773657
1002	0.002036034585246897
1003	0.0009346576191373333
1004	0.002363617665384956
1005	0.0011921043607984799
1006	0.002085461895353801
1007	0.0030783271009109706
1008	0.0009889995787912863
1009	0.001049399713677237
1010	0.00048547913029238125
1011	0.001954119299949642
1012	0.000655156635072001
1013	0.0015452504401482533
1014	0.0009952014431633903
1015	0.0011294153681218296
1016	0.0016306194252302991
1017	0.0002663383950310373
1018	0.002450454608026072
1019	0.001355208634306635
1020	0.001591835661486508
1021	0.001459410306111381
1022	0.0012932991703976159
1023	0.0026816824480540053
1024	0.001841722743740799
1025	0.0011320676095971703
1026	0.0004969590934327117
1027	0.0007142766746211083
1028	0.002359683884957895
1029	0.0025781801190358456
1030	0.00033915112355151683
1031	0.00138179703500224
1032	0.0008643420309456974
1033	0.00305764552079729
1034	0.0009268742749090857
1035	0.001941652669736071
1036	0.0012047026150514794
1037	0.00047602875651948923
1038	0.0015746139714244904
1039	0.003177502256828943
1040	0.0002390212776734857
1041	0.0019409747175155889
1042	0.0004512419698626096
1043	0.0006160037406056577
1044	0.0
1045	0.0014002064170330094
1046	0.0012195534112275027
1047	0.0022354273714118526
1048	0.0
1049	0.0024450876129009434
1050	0.0002922173064738467
1051	0.0021226747867772416
1052	0.0008271116889841989
1053	0.0005880526401711126
1054	0.0005934452541798856
1055	0.0020903553437089484
1056	0.0005491629815766341
1057	0.0015789435302820968
1058	0.00221803546614584
1059	0.0008972357115337905
1060	0.0009630583880725641
1061	0.0011848729366280763
1062	0.001145484231390482
1063	0.0005247836586297034
1064	0.003039832261561363
1065	0.0007291635448652187
1066	0.001780547238939497
1067	0.0030604174451855596
1068	0.00032711546633973956
1069	0.0005729461332221847
1070	0.002674355060943111
1071	0.0031374598636318
1072	0.0005696888313743792
1073	0.003842763442657317
1074	0.0004625029775674046
1075	0.0008232160734718971
1076	0.0027708581549365664
1077	0.0008575644885460076
1078	0.0017167423859807305
1079	0.0002513306105359239
1080	0.0005892216655398357
1081	0.0005337995144674469
1082	0.0
1083	0.0009200799659067841
1084	0.0006841711847235714
1085	0.0009848630112126576
1086	0.0025791740840850406
1087	0.0020889279616634823
1088	0.0004655113207699701
1089	0.0007744756806720555
1090	0.002229443369815788
1091	0.001351039045364637
1092	0.002360464475005793
1093	0.002561888835915687
1094	0.001965349257758888
1095	0.001074969596821477
1096	0.001025792208634694
1097	0.0016710034418081035
1098	0.0021900624873012527
1099	0.0009899151879048094
1100	0.0020436493823153276
1101	0.0026157425074925886
1102	0.0011198984180648
1103	0.0010280263944819521
1104	0.002699012964573314
1105	0.0022590732832812647
1106	0.0010933935743011175
1107	0.0022877234473536808
1108	0.001366956751028678
1109	0.00045981477954605175
1110	0.0013354847090680138
1111	0.0005195348207158684
1112	0.0022829702261251456
1113	0.0009123542171302844
1114	0.0002910207526333374
1115	0.00041658434335402453
1116	0.00014571361375894138
1117	0.0015560970548163802
1118	0.0017001288948631968
1119	0.0013413649782575414
1120	0.0004664358571499751
1121	0.0014835807380661093
1122	0.000765599718999134
1123	0.001608754710061886
1124	0.0006376255063494753
1125	0.0009709664801338687
1126	0.0021220141237111383
1127	0.0027728240424876073
1128	0.0006717684703564631
1129	0.0016354863445296086
1130	0.0023675974585443543
1131	0.0005064689668024423
1132	0.0011416970728513707
1133	0.0050144535871258136
1134	0.0012721613237403435
1135	0.002246359413129826
1136	0.0014945142615334663
1137	0.0002717644171358653
1138	0.0010567366383391764
1139	0.0007230277880693523
1140	0.0013593865312943071
1141	0.0015843855629950531
1142	0.0016837638251296211
1143	0.0013480057403802619
1144	0.002691591854311971
1145	0.0015891421648817146
1146	0.00044556509940592596
1147	0.000588314576248594
1148	0.0012930849216981402
1149	0.0011217090408376742
1150	0.0013119004406693324
1151	0.002502290237794128
1152	0.0004768208027246434
1153	0.0017427971447453812
1154	0.0021935845851938423
1155	0.00043985704863430095
1156	0.0005719824903202262
1157	0.0008551313686477492
1158	0.0031643805649834425
1159	0.0017048432711057394
1160	0.0010130184513274262
1161	0.0020213547095738614
1162	0.001285350271044847
1163	0.0006037877511638199
1164	0.000983767472641406
1165	0.0020310185996755973
1166	0.0004046276096361145
1167	0.0016239919079164688
1168	0.0014572595243483868
1169	0.000492853922275674
1170	0.0039040993920957286
1171	0.0031246090786045204
1172	0.00328047095718917
1173	0.0015695215599272497
1174	0.001385907602220847
1175	0.0027882371724843886
1176	0.00044543549025396546
1177	0.0014800602623650603
1178	0.0007355339126799675
1179	0.004218438437672251
1180	0.002715844275858857
1181	0.0009658111515852514
1182	0.0010771823707784022
1183	0.0026213923291373785
1184	0.0010739324209625679
1185	0.0012048560186785008
1186	0.00102514246277362
1187	0.0009718781187306098
1188	0.0009389096026466134
1189	0.0010175304226827915
1190	0.00015468158940408705
1191	0.0011249237127240184
1192	0.0010143617844792477
1193	0.0013415737728874498
1194	0.0004526076769175719
1195	0.002118931341729995
1196	0.0020846278179541358
1197	0.0007459564856264975
1198	0.002593124659094852
1199	0.0010277100737961086
1200	0.0013732012720259193
1201	0.0009313231178555339
1202	0.002822909566158558
1203	0.002129539587492008
1204	0.0009426847068157504
1205	0.0016119589406961598
1206	0.0008051579678335978
1207	0.001929227939960018
1208	0.0011558332278048752
1209	0.002034617111694629
1210	0.0005404450119552609
1211	0.0009744030749465946
1212	0.0015766057381966304
1213	0.0016935894514402599
1214	0.0008939910618489111
1215	0.0006055979992324394
1216	0.004612104713382699
1217	0.00014011231117716597
1218	0.00243906986459792
1219	0.00038683987822389794
1220	0.0016213854485135765
1221	0.002828232196670712
1222	0.002891040977396675
1223	0.0014979622169981155
1224	0.0017088073695526898
1225	0.0002569737189325811
1226	0.0007063240884350156
1227	0.0011640712545381916
1228	0.0020567458912132516
1229	0.0016680025658119553
1230	0.00014672447564258818
1231	0.0004151804215444153
1232	0.0015152575647567708
1233	0.0017021267593985074
1234	0.0008932237378700173
1235	0.0025169106531018094
1236	0.0004474294767151029
1237	0.0015636415726559137
1238	0.002383492865695365
1239	0.0017572412202444558
1240	0.0028759792298003527
1241	0.0018111849763641679
1242	0.0017931918385551077
1243	0.0006978266858952386
1244	0.000151392276556135
1245	0.0006355401256173126
1246	0.001274323535777652
1247	0.0013462337997497157
1248	0.0006772531602141277
1249	0.0012667421181114106
1250	0.0012878118917286476
1251	0.0012948845302945843
1252	0.0012912537994017093
1253	0.001713533098948002
1254	0.0015683894441154266
1255	0.0023144378923695723
1256	0.0009784128168654263
1257	0.002094094562191551
1258	0.001151479299656613
1259	0.0016958253029584157
1260	0.0015804118647148255
1261	0.0020931725653138516
1262	0.001249162205622616
1263	0.001747742700380501
1264	0.0005371473349000384
1265	0.003269425930256929
1266	0.004117361069729302
1267	0.0002411502731205445
1268	0.0013740572099833908
1269	0.001752220343294799
1270	0.0007742259587454972
1271	0.0017579135056273506
1272	0.0002895505989418771
1273	0.00026389897209948065
1274	5.137430717826641e-05
1275	0.0015999614609958175
1276	0.0025553881620326616
1277	0.0009796182199245068
1278	0.0006983556378613878
1279	0.0007763658622229007
1280	0.0051646522244190845
1281	0.00029157398358289736
1282	0.0014328697345771231
1283	0.0026432673471163096
1284	0.0015791211832828186
1285	0.0007451197113887183
1286	0.001932667313145966
1287	0.00015879100698883928
1288	0.0005320505501520554
1289	0.003356180679797446
1290	0.001025149309978448
1291	0.00123236596665465
1292	0.0017711303228760905
1293	0.0007081137689841061
1294	0.0009160837051680603
1295	0.0006394723354994294
1296	0.001222824195944555
1297	0.0028847864418514533
1298	0.0010607527589422297
1299	0.00036839581393594597
1300	0.0008432778486985632
1301	0.0024992300845117226
1302	0.0014256476662157208
1303	0.0010947198983364665
1304	0.0005086757867015253
1305	0.00171003235447518
1306	0.0032270533714543175
1307	0.000856855919931537
1308	0.005198714963445717
1309	0.0007716935130069225
1310	0.00026360273955173023
1311	0.002558078343048863
1312	0.0015207397387098458
1313	0.003394949951299967
1314	0.0009671301563252485
1315	0.000726568981602023
1316	0.00085021043817322
1317	0.0020941771441193276
1318	0.00108891056292923
1319	0.0005476401726943825
1320	0.003276225148906641
1321	0.0024473285662087504
1322	0.002247038660128839
1323	0.002463547416482851
1324	0.0005110103886828499
1325	0.004560266721718557
1326	0.0019334420852551808
1327	0.0012508139697662759
1328	0.001590526274578154
1329	0.0016700299318175142
1330	0.0026627766051781025
1331	0.0010022838216209953
1332	0.0001577065414126187
1333	0.0013134508354130487
1334	0.0023765848999529344
1335	0.0007018674356333034
1336	0.00015742398422679285
1337	0.0007211238867207726
1338	0.0018929128910755452
1339	0.002145161751616363
1340	0.0027134928581882016
1341	0.0005941957803557145
1342	0.0033546197193366524
1343	0.001781306744783621
1344	0.0005851379413148857
1345	0.0013731578749666385
1346	0.0030082923697841535
1347	0.0016480739834716148
1348	0.001760784257340932
1349	0.0022491163586423656
1350	0.003921530361586145
1351	0.001953855323565641
1352	0.0021495884261746125
1353	0.004083207125530561
1354	0.00046910890340158556
1355	0.0025365969785553317
1356	0.002296871126083015
1357	0.0009002276950448159
1358	0.0020451783192493977
1359	0.0010010409878263994
1360	0.001465551981353351
1361	0.0008136412123039258
1362	0.001977180549851561
1363	0.000831026407350672
1364	0.00010914927743633966
1365	0.0025160350451088314
1366	0.001395575645405938
1367	0.0010516464132778803
1368	0.00053949666835459
1369	0.00022707820516263804
1370	0.0005012238002281789
1371	0.0014525981018547217
1372	0.0024877541497626498
1373	0.0016745564623210122
1374	0.0009256025714796109
1375	0.004593472799822408
1376	0.001975089544705372
1377	0.0025926996693770585
1378	0.0013819678687848492
1379	0.002627255393363474
1380	0.0011786865525071338
1381	0.0004547600459850632
1382	0.00287818578978769
1383	0.0004651626491184113
1384	0.00012886146621537268
1385	0.0025149048801618038
1386	0.0032781703556513148
1387	0.002430551693573219
1388	0.003656916880318684
1389	0.0024081186912498016
1390	0.0004984309682034696
1391	0.0018210159118189461
1392	0.001136974472034419
1393	0.0018174241803553658
1394	0.0027942797727789205
1395	0.0007018447128655197
1396	0.0015508672558869907
1397	0.0008992358881571728
1398	0.00042282533170499923
1399	0.0017820995362918507
1400	0.00012410857161569336
1401	0.0034493686689723653
1402	0.003660346730603782
1403	0.003159070458009509
1404	0.0026871214738672235
1405	0.0028374834724060357
1406	0.0009210807168300963
1407	0.0014747307557978376
1408	0.0009535975323986306
1409	0.0017440102840297206
1410	0.0020172000665874858
1411	0.0015378124525217262
1412	0.0016764397860164185
1413	0.0027895573088546925
1414	0.0054747993101658555
1415	2.129171025325943e-05
1416	0.0024123597918521583
1417	0.0005510319018459175
1418	0.0009714986469374671
1419	0.0018353040570351367
1420	0.003067587397781028
1421	0.002528665752901855
1422	0.001086328334580036
1423	0.0010561690995216685
1424	0.0007012314579842416
1425	0.002725339346946367
1426	0.00545244664478363
1427	0.002268501860838276
1428	0.0016849763728577956
1429	0.0016173229147451215
1430	0.0022281647761567495
1431	4.815570293417641e-05
1432	0.0019593902349671604
1433	0.0004693533109583451
1434	0.002450978736155715
1435	0.0020153164988435555
1436	0.002857135351502701
1437	0.0009505855250423758
1438	0.00026804861686558824
1439	0.0016123369582663606
1440	0.0018694928413837105
1441	0.003867940404646018
1442	0.0016384660817961392
1443	0.00340205631277689
1444	0.0011641513453353907
1445	0.0009796129760237175
1446	0.000951776882539015
1447	0.0008897572279839542
1448	0.0007999720376973725
1449	0.00208303338086665
1450	0.0013408501866928164
1451	0.0004834896916619619
1452	0.0013856394775697465
1453	0.0033456528124821898
1454	0.001400024907908523
1455	4.2756600208355675e-05
1456	0.001193831973745136
1457	0.003531831856041273
1458	0.0012763042521524383
1459	0.0012786732264867236
1460	0.002247635087294357
1461	0.0011499394726516593
1462	0.0009385797634471228
1463	0.0004919426576346204
1464	0.0014135606732291457
1465	0.0009253126773753953
1466	0.0008480552213192318
1467	0.0009985476609981273
1468	0.0007328572930653824
1469	0.0012134726265706187
1470	0.0003310194956742141
1471	0.0018710934156257314
1472	0.0010194394196404626
1473	0.0009626656351226179
1474	0.0015114780389017327
1475	0.0014689263918609982
1476	0.003786192658921836
1477	0.0024285080675352576
1478	0.0002710636262918829
1479	0.0014338572196813172
1480	0.00023036251230000422
1481	0.0004986127265527579
1482	0.0006897532817235909
1483	0.0034467759919554683
1484	0.0016588310943090102
1485	0.002440685652217669
1486	0.0009881680924170503
1487	0.000832449557236846
1488	0.0014410829346373833
1489	0.005024071487317708
1490	0.0018521998990677444
1491	0.00025114107435789015
1492	0.0008807567355360601
1493	0.0009013028832593678
1494	0.0012769750148512492
1495	0.0006161215331976065
1496	0.0012679054932556813
1497	0.000292487311401449
1498	0.0009755945589710957
1499	0.0007441075840716262
1500	0.0006629353039265912
1501	0.002002761518507846
1502	0.0007917961751778449
1503	0.0024151030128564117
1504	0.00047142527146903533
1505	0.002504878424119379
1506	0.002517702012731581
1507	0.0023601693800101207
1508	0.000501556791492874
1509	0.0036881946203034597
1510	0.0027306061574351114
1511	0.0007638148439706145
1512	0.001293020916679796
1513	0.0017518938125715884
1514	0.0019843731645484484
1515	0.0009702063581551426
1516	0.0015097421484534105
1517	0.0007813598679936559
1518	0.0031063744401257642
1519	0.0008263752069074053
1520	0.00198963896320417
1521	0.0012824288354628748
1522	0.0002506813760337542
1523	0.0006581700813341029
1524	0.0010916802242876163
1525	0.00043977690155150013
1526	0.0012609599598654433
1527	0.0022075879154724084
1528	0.0023365189767886214
1529	0.001690879957896439
1530	0.0007620318089506968
1531	0.0020806086332087565
1532	0.0012320032808699089
1533	0.0018097478378819407
1534	0.0012887445877017944
1535	0.0008375230687568448
1536	0.0009411706565706523
1537	0.0006658379711243911
1538	0.001089247669848746
1539	0.0010059748665352769
1540	0.0035786711652424333
1541	0.002959497510570296
1542	0.0007704542845229043
1543	0.00048456609223600255
1544	0.0009518776023481931
1545	0.0007609543419720485
1546	0.0015162578272566196
1547	0.0014836702683261606
1548	0.0010648462666362913
1549	0.001207330088451778
1550	0.0016582185335644456
1551	0.0018534489109833924
1552	0.00028855187993611514
1553	0.0006252128764224359
1554	0.0015950083144845371
1555	0.0005765603176867977
1556	0.0006059150140128539
1557	0.0021311794565923004
1558	0.001011140590538778
1559	0.0025977460143182794
1560	0.0014423601424632026
1561	0.0013010680208579628
1562	0.004065756068150175
1563	0.0012910493082047753
1564	0.0009334612000770571
1565	0.0022526410885109465
1566	0.0006515779516297294
1567	0.0027484575914524167
1568	0.002029624047992934
1569	0.0024609022696109196
1570	0.0006908528584133665
1571	0.0033649265179169947
1572	0.000636456916263061
1573	0.002026774538845111
1574	0.003429033723422545
1575	0.0017560688514457327
1576	0.001007266456901738
1577	0.004606758211382904
1578	0.0021206979456266
1579	0.002309365505405771
1580	0.0003536501566519345
1581	0.0009706895600415718
1582	0.0016499015172919255
1583	0.0012588686587286311
1584	0.0022648127704681053
1585	0.0006155580262488477
1586	0.0010421544094042048
1587	0.0006553495756619214
1588	0.0025745915499406314
1589	0.0030918372265093534
1590	0.00013391790175536585
1591	4.136940295649242e-05
1592	0.0005417963431461633
1593	0.0003028171979562547
1594	0.001620706597624603
1595	0.0024854788036593302
1596	0.0013907163376109494
1597	0.0010711009445221393
1598	0.0004925479908811241
1599	0.0016287139073758103
1600	0.002094379579214301
1601	0.0005047498860592888
1602	0.0018695841341816112
1603	0.0006602321161256769
1604	0.00037278070647369646
1605	0.003306131695368892
1606	0.0022915165123077526
1607	0.0027665664597889793
1608	0.0012387922536022395
1609	0.002180857342837427
1610	0.0011555748638448755
1611	0.0015904212496533222
1612	0.0016145027672693803
1613	0.0005993878110637294
1614	0.0016607574260605706
1615	0.0011089719853706425
1616	0.003974828800944225
1617	0.0013454812847699838
1618	0.00015649634816740924
1619	0.0007001116328893205
1620	0.004864038904074176
1621	0.0009835166844213141
1622	0.0018101703613918106
1623	0.0014249406459565979
1624	0.00027544727404971907
1625	0.002072441402420805
1626	0.0007032589320580986
1627	0.001794609798365717
1628	0.0014519925908147292
1629	0.0010425584065879817
1630	0.0025438902651798443
1631	0.002664975316799924
1632	0.002155483278708835
1633	0.0009053363060508951
1634	0.0011604560115167693
1635	4.3124654588151555e-05
1636	0.0026178733978227163
1637	0.001979982965330119
1638	0.003170926977427739
1639	0.0001634965216545241
1640	0.0025522621818946187
1641	0.0010821938210294488
1642	0.0009231601304748277
1643	0.002223256704210918
1644	0.0007077332876222835
1645	0.00027212541064918866
1646	0.0016995205050774728
1647	0.0035418499949382604
1648	0.0007091201641436931
1649	0.0005586389212891858
1650	0.0014290933393317857
1651	0.002492653839628889
1652	0.0016847123298991608
1653	0.0024858289228053194
1654	0.0017054051232447383
1655	0.0016776698441227195
1656	0.0028736292746459648
1657	0.001891909699342459
1658	0.001380662726665105
1659	0.0009557853139183182
1660	0.0008486929641020385
1661	0.0013072583781583078
1662	0.0009758511521004208
1663	0.00022607077758075316
1664	0.0015717849915688705
1665	0.002130884491953599
1666	0.0009121346794033707
1667	0.001246706813043641
1668	0.00030889739038099325
1669	0.003375485352710368
1670	0.0007687216915881262
1671	0.0013063667277808137
1672	0.0018925638444721921
1673	0.001925943127385763
1674	0.00010828923639043155
1675	0.00038426805874172167
1676	0.0006556788094120063
1677	0.0008541825997804383
1678	0.000447692489131928
1679	0.0017581803874900904
1680	0.0016910522170461273
1681	0.00021877734391833784
1682	0.0035308516767406863
1683	0.0021049961000371552
1684	0.0020146029043530624
1685	0.00014455274791741823
1686	0.0034358407663819747
1687	0.0017862859543821932
1688	0.0009075515453986065
1689	4.700692081556984e-05
1690	0.0006499047255753508
1691	0.0008060350477319133
1692	0.001371436718863085
1693	0.0004131333823940759
1694	0.0006514525280075769
1695	0.0007073044253583668
1696	0.0008238149289440988
1697	0.0012123068005488583
1698	0.002089606915989856
1699	0.002135123457367484
1700	0.0013306657772201144
1701	0.0013408369190827407
1702	0.0018210126056000871
1703	0.0012063222513292733
1704	0.003013961485125321
1705	0.0003953005533908416
1706	0.00041537895083025177
1707	0.0006578531083636718
1708	0.0008806491345573023
1709	0.005423874673773354
1710	0.002282006302511102
1711	0.0010026985837135105
1712	0.0011069638935143134
1713	0.0006033790554306747
1714	0.001270263479661065
1715	0.0004412194996097346
1716	0.0001648504649532175
1717	0.0004669864566444623
1718	0.0022482790735982847
1719	0.0010564317078701063
1720	0.000478600509029251
1721	0.0012406924068647253
1722	0.000666835026042501
1723	0.0028247808888324493
1724	0.0002702013571420837
1725	0.001976881823135593
1726	0.0010286517185799746
1727	0.0007205704051358126
1728	0.0007094422166748823
1729	0.00160568031901388
1730	0.0004503951161805011
1731	0.0025027464978887026
1732	0.003362079248738441
1733	0.0003074860537028028
1734	0.001033695661383801
1735	0.0028985987820099486
1736	0.004393674813881936
1737	0.0005426364765024215
1738	0.00056514949378452
1739	0.0022906326705186687
1740	0.00017552909500313324
1741	0.0010642603830301662
1742	0.0005126089416698658
1743	0.002575674127442033
1744	0.0017572251544040814
1745	0.003874766423238484
1746	0.0014013359695382755
1747	0.0013412173007125198
1748	0.0004839147821298908
1749	0.0012245587429776167
1750	5.6599959514759006e-05
1751	0.0012373819475539158
1752	0.00013379402664289285
1753	0.0011115323067547335
1754	0.0014864557848465818
1755	0.0006761596499294388
1756	0.0016210022518297956
1757	0.0011380704235998773
1758	0.0006582939396069192
1759	0.00048108605057067
1760	0.002563962854860306
1761	0.0010341348248645733
1762	0.004709559281292683
1763	0.000302561538642097
1764	0.0014234446130290362
1765	0.0026055982023458096
1766	0.0012291116669765766
1767	0.0008321457493036855
1768	0.00028231977936222504
1769	0.0020153724829448686
1770	0.0010002492325546183
1771	0.0006555063682887168
1772	0.0022406621107178447
1773	0.00026503494747481186
1774	0.000427498709353619
1775	0.002675176508468647
1776	0.0022472265995853065
1777	0.00044186298002458113
1778	0.0014615459387374188
1779	0.0015399639566269214
1780	0.0010927197746507938
1781	0.002654350449136184
1782	0.003197526964713009
1783	0.000497936568746494
1784	0.0010253448600209183
1785	0.0015146136704186435
1786	0.0012790896435921067
1787	0.0023286823159096486
1788	0.0022247388955022943
1789	0.0007272902127325998
1790	0.0015841162966317814
1791	0.001165882746179364
1792	6.545619236524348e-05
1793	0.0003042941548931134
1794	0.0020748286279984665
1795	0.0015386519112783757
1796	0.0017987571818443091
1797	0.0017272059048679912
1798	0.0009595520065487803
1799	0.0006823466350023224
1800	0.000716150998279476
1801	0.0011761737611160471
1802	0.0015572322494199565
1803	0.00025125599649054745
1804	0.00139473490983331
1805	0.0014750437244164466
1806	0.0008400346977882295
1807	0.003424479421118174
1808	0.0008389143050152254
1809	0.0011552521331570646
1810	0.0011037840330367086
1811	0.001374869617716148
1812	0.0007946856018472583
1813	0.0032059929911246055
1814	0.0007812988442721541
1815	0.0007294940764942715
1816	0.000289500575938615
1817	0.002823488964202573
1818	0.0013178813280859045
1819	0.0
1820	0.0006579200631423902
1821	0.0019252778869099808
1822	0.0019177954482898023
1823	0.0016542269400595265
1824	4.6677650423579105e-05
1825	0.0017463042833371074
1826	0.0018486616484425951
1827	0.0014530366742771992
1828	0.0011332402193994036
1829	0.0003539579893857934
1830	0.00020308046184123451
1831	0.0020674816378150693
1832	0.0011448436925281455
1833	0.0007930801440077543
1834	0.0018524385566290784
1835	0.0004506570817881509
1836	0.0024549518503013848
1837	0.0013240756583978027
1838	0.0013639751485249585
1839	0.0014426258729944364
1840	0.001619123385275033
1841	0.000426938272409988
1842	0.0013071537475085296
1843	0.0015304311525391324
1844	0.0003299918213131159
1845	0.0009308163507372976
1846	0.0011217492454516519
1847	0.0007326719096487906
1848	0.0017485337590596537
1849	0.0007323693491720432
1850	0.0016278838324439437
1851	0.0006205762094038684
1852	0.0008001485195089058
1853	0.0015302501277850052
1854	0.0006944012139872206
1855	0.0003125095096194966
1856	0.0004910696108167274
1857	0.004902488690615245
1858	0.00014017672042454732
1859	0.0005188641578228937
1860	0.0010427219446564565
1861	0.001139296540758642
1862	0.0008429059397257527
1863	0.0024086946459271692
1864	0.0024425569995011986
1865	0.001293970331693354
1866	0.002191121082576563
1867	5.157137111351423e-05
1868	0.0003245220666293533
1869	0.0030929998242410447
1870	0.0009481548466821246
1871	0.0008769143467358821
1872	0.0014648858911493377
1873	0.0002693465441506506
1874	0.0002605976901810526
1875	0.0006915952275427834
1876	0.0016854067687431698
1877	0.00028072086001899545
1878	0.003920577331443934
1879	0.0009042630016629938
1880	0.001436395513886722
1881	0.0010788220071216064
1882	0.00099442339722376
1883	0.0008977300388000475
1884	0.0011885042680996993
1885	0.0012649851316555182
1886	0.002781058895284391
1887	0.003230117113442568
1888	0.0021049867117779167
1889	0.0017877039595851775
1890	0.001136763205816714
1891	0.0002660770879642676
1892	0.0035953358145467233
1893	0.0006442805659831645
1894	0.0005980412460557706
1895	0.0012445615951865603
1896	0.0010446524522327266
1897	0.0035196481299886624
1898	0.0003152161541867346
1899	0.0003374893626413833
1900	0.0002956327999469848
1901	0.0009137740660564308
1902	0.0034794063708918238
1903	0.0
1904	0.00030290339622957577
1905	0.0010743226007844718
1906	0.003027614101074913
1907	0.0010966735365930571
1908	0.0010874002434684172
1909	0.0007536940368408851
1910	0.0012589882538643529
1911	0.001159224528614011
1912	0.002917380075464912
1913	0.0006308387860511522
1914	0.001819001730115012
1915	0.0014410777444923636
1916	0.0001564698028182429
1917	0.0018060650455129774
1918	0.0011792015891083404
1919	0.0008073643179438756
1920	0.0007008036650484256
1921	0.0007285373498558155
1922	0.0011890552840658488
1923	0.001957292336648458
1924	0.0006284894297968458
1925	0.0007413125717720754
1926	0.0013168371006701866
1927	0.0012894373890260978
1928	0.0019483171717136905
1929	0.0005497375363329548
1930	0.0008508981922424846
1931	0.00341232307374947
1932	0.0011843983764258236
1933	0.0015522212187875095
1934	9.54271244140828e-05
1935	0.0010452211193795948
1936	0.0013368858867069543
1937	0.0017505732330029336
1938	0.0
1939	0.0023502806626629407
1940	0.002647363900544856
1941	0.002113161482392858
1942	0.0038246815586408093
1943	0.001964574052647043
1944	0.0017021107449069735
1945	0.0008950185403189026
1946	0.0009260671092434834
1947	0.0014219082317358663
1948	0.0012566258585649161
1949	0.0019226227811092477
1950	0.0008112363666228434
1951	0.00047945505757284997
1952	0.00048712824529561187
1953	0.0006645275213222243
1954	0.000450726597866604
1955	0.00042114568394671257
1956	0.001606113708553356
1957	0.000998755220197126
1958	0.0005870418471503655
1959	0.0016849122905303556
1960	0.0024361062208904296
1961	0.0017406239640424433
1962	0.002481881113113261
1963	0.0007206656608323027
1964	0.0004307359394372519
1965	0.000280453499061921
1966	0.001067974318286355
1967	0.0023729885892481793
1968	0.0012620799658549352
1969	0.0006904587314361846
1970	0.0011403086159483095
1971	0.0007081088994484703
1972	0.002399056560451166
1973	0.0016891413922789167
1974	0.0009882245943034457
1975	0.002476287300533401
1976	0.0004680654274233455
1977	0.0016206967626005155
1978	0.0012796725048499007
1979	0.001316941336967377
1980	0.002030699093310844
1981	0.002196096953112814
1982	0.0009541158842084555
1983	0.001551209660859023
1984	0.0008807032377676559
1985	0.002990873987320643
1986	0.001351892609680575
1987	0.0015694461441069015
1988	0.001220167851105794
1989	0.00013397564165611208
1990	0.0017095127471650515
1991	0.0014147338092086962
1992	0.0008492630090850481
1993	0.0017326822721927696
1994	0.001266268976679643
1995	0.0039058327086865896
1996	0.0009333438292851127
1997	0.0013661444868862031
1998	0.0007479119705717629
1999	0.0009237403387179871
