Node	BetweennessCentrality
2958	0.002980800801100231
2959	0.0005966587112171837
1494	0.0011664197463736525
1573	0.011253947050984578
1590	0.005051243889657765
1603	0.006694566551273365
2634	0.0016709050860973748
2635	0.0006602954762855281
1984	0.00896508176012948
1985	0.0158982965743907
1453	0.0005199730508336608
1454	0.0008367225495353784
1450	0.004705371825018664
697	0.0014160318035436714
698	0.0005966587112171837
1447	0.0014621980134881046
2036	0.002806754025104902
2034	0.0006512603731695615
564	0.00109744988210714
566	0.0009418530876884962
707	0.004991563865303752
1439	0.0009430609432447108
360	0.001209129366075154
361	0.0005966587112171837
359	0.0007100131927373047
1480	0.0006736933433034733
1481	0.0003156023379703151
2833	0.021521778060965484
2814	0.05402735674220871
1436	0.0006030471465810934
1437	0.0004145130311832491
1571	0.001101205247702209
1566	0.007049064140405527
1568	0.001470514699755966
1567	0.014440375140283158
2884	0.02010160538498648
2858	0.017001032140702702
1467	0.0007329299138811986
1470	0.0003350640664133065
1993	0.001043171930981623
1994	0.0006690800563488253
2058	0.0006159041379553326
2059	0.0017133563045800128
2434	0.002744232631179099
2436	0.006485433956424326
2440	0.029689375482485954
2492	0.0028394494207690164
1564	0.0006506527135991663
1565	0.007606964262817888
162	0.002984528964891862
163	0.005576094131431934
553	0.004656718925832011
557	0.0038638993561515844
556	0.0005109411513694943
1465	0.013941023995980482
1466	0.018318350981522607
351	0.0037089731591519854
367	0.00044820751963627195
368	0.022832682238002822
352	0.0739554858738765
2050	0.004037717952891856
2051	0.0040946525161708975
1434	0.0012759319744458319
1435	0.001017774256524775
1563	0.00838593763113536
1599	0.031046036990687052
1983	0.021714259103593644
1981	0.004634996081441926
1433	0.006474854508989459
1558	0.011759020920900917
2418	0.0026946255437446114
2423	0.0019574583576288003
2052	0.028599328736750494
2809	0.0005966587112171837
2811	0.024344823624765637
2621	0.024939281029437373
2620	0.07327661823929184
2590	0.0008143752282219514
2592	0.0021507682330239434
694	0.0015686193641704829
695	0.0009765989877261252
2395	0.07701552277175351
2396	0.0023367329638900587
1596	0.0024216904816220523
1597	0.0021355772061525387
656	0.0033924600570424835
592	0.005013145618388755
2632	0.0024062365782931165
2588	0.002312811785485498
1794	0.004494683446268085
1795	0.002097470887211074
2877	0.0008612924778955174
2878	0.01839913907540016
2879	0.018782046182185697
1813	0.0011704361291134538
1814	0.0011271790188025635
653	0.0012399806946889185
654	0.0005647565782840283
2619	0.016867005452402904
2618	0.07036770240667434
1228	0.05562588407779624
1227	0.005654692422968343
1738	0.021889112457661505
1739	0.0009232812032029909
167	0.0025932880901592516
164	0.0063161875378392575
1799	0.0010594248795136865
1800	0.0005629818274131472
539	0.0013909849339024457
540	0.0015374658187816848
1751	0.0022153426132095963
1752	0.0007832018130432395
1370	0.0003106172315047494
1375	0.0006906301135036783
1230	0.000660422517521214
1232	0.0027733437690005717
1233	0.0006922687743074724
1926	0.0003068069797022308
1927	0.0017779045507282834
1226	0.0020155290626220146
542	0.0006006055732778563
2579	0.01577411722356848
2577	0.07899095850055679
1785	0.0027362803282196466
1791	0.0022142158431482017
528	0.005520163931971833
529	0.0047781262056157585
1784	0.009558366054741859
1923	0.000730867282062939
1810	0.0018959897384868618
1920	0.0034944589604201503
2829	0.0005966587112171837
2828	0.002013679802773007
1922	0.0020909770512915872
2613	0.004618042472518715
2614	0.0016871758488501952
1805	0.0012766047453640836
1806	0.0008848620766211373
1787	0.010610124360139394
1788	0.002635226186985994
2578	0.006671805189541382
2583	0.0
638	0.006285921964972967
635	0.0020220484573020094
584	0.001586770282154681
585	0.0012277638001148997
1381	0.002438968480728918
1382	0.0022310433045343936
1917	0.006378445965581486
1918	0.007889695543090337
633	0.0028465742043719973
1425	0.004977817217296373
1418	0.0012731255440979613
641	0.001476035356813134
642	0.00028166512590982896
632	0.005439861812315321
2393	0.08550569691347676
2394	0.009170458760456225
2386	0.0834599417933026
2616	0.0010096808057823475
1780	0.00087182644929691
1781	0.004157747692278589
1919	0.004700100693624632
1948	0.0017640067248126945
1949	0.0007367287517369128
1259	0.000607423505439989
1260	0.0012148821935468318
2625	0.021235638006204174
2626	0.0007052843954316635
1774	0.0025076484101502496
1721	0.0007327034345651947
1722	0.012004435731204287
2584	0.0006076381638586912
2586	0.0030827534243707644
1718	0.0006451774990618008
1947	0.002383212517714896
1943	0.0009561459243263114
1931	0.002496925859048379
1206	0.026817571160938605
1218	0.06252340689811424
1772	0.007742500749902907
1946	0.004541573751280879
1417	0.0006739085512458799
1416	0.003692142011122234
1773	0.005511965275021923
1916	0.00335975201264284
192	0.0013629355388336064
193	0.0005966587112171837
1915	0.000965449783712425
1723	0.0005922864900921845
1728	0.002862607595876784
2624	0.0030396151512713386
2623	0.02268577470853513
518	0.0014215351077452867
519	0.002563730248491258
1941	0.005116368435069414
1942	0.0013475792847641107
2815	0.0020689563695642094
2816	0.02538227772281158
2876	0.016685499958811155
2872	0.020219940626021914
189	0.0
190	0.0018513493953402575
1350	0.0012139678678055722
1351	0.002281198829196331
2818	0.026099973471810936
2827	0.002296456433467364
1408	0.005412842729645134
1409	0.0
2946	0.004043516287221695
2947	0.02811477324496272
2794	0.0025579961488550714
2796	0.00197168109434871
1768	0.0029115179302425607
1767	0.006326708571751794
1764	0.0010558434202506035
1765	0.0008024246219114077
1889	0.0018829861622353331
1890	0.002289028855258608
1763	9.574475698357891e-05
643	0.005165634615526408
644	0.005371960239153342
1891	0.0006972069874047299
1244	0.005672289053348766
1248	0.0009601409684408561
1761	0.000884232141201129
1762	0.000788371593030293
1403	0.002454925510589932
1404	0.0005567516212775172
1247	0.002224501496889725
1939	0.0056784475524256535
1940	0.008487990747113297
1903	0.0014388663900570902
1905	0.005926256698218497
1725	0.023433217403765565
1726	0.0021213852799217016
2825	0.014092534743804182
2826	0.012192653168957995
1245	0.0014142066010040936
1246	0.0015728154945173095
2569	0.0018376354185602468
2570	0.001096548894086842
1902	0.0015963679590388499
1841	0.0063784982878026504
1242	0.0013309299801224194
2559	3.2090887203518015e-05
2560	0.0006968224353065608
1240	0.0005966587112171837
1840	0.007357616167889793
1674	0.0005966587112171837
1676	0.003832144206062191
2568	0.0007421654139713314
2566	0.0008063632347236611
1873	0.026337312958918904
1872	0.0007709969361649947
1842	0.000823712146037646
1837	0.0024904963230529095
1210	0.011854076119043742
1209	0.0029777126734786387
1208	0.010088327092735876
1879	0.00191664916259483
1884	0.0010075176033719664
1878	0.0006562840215108823
444	0.009845882523747315
443	0.00957799114490585
452	0.004888086899155131
446	0.0013845357273112866
441	0.0005966587112171837
447	0.008819736823815311
422	0.0010615019057694409
392	0.0008972082256500681
421	0.0007228780015643415
456	0.002998868010353554
457	0.006739423000121513
458	0.004622892128177682
459	0.005281061921244778
410	0.0018158212324585522
460	0.0005966587112171837
464	0.001486385067150006
429	0.00033907482332251636
462	0.0005966587112171837
465	0.007426012530185627
414	0.00796073821524376
469	0.002980584056579845
470	0.0005966587112171837
466	0.0005966587112171837
468	0.002423548816982171
571	0.0028977262894741645
448	0.008600449646375177
451	0.007668695545651028
449	0.0023100674010107258
472	0.005777760204275965
473	0.013172657063179018
475	0.007870214550193298
491	0.00730570013392032
476	0.0020226637407558677
477	0.0036769803428872145
837	0.00253506085050996
479	0.009324529202231317
496	0.0027741275394989225
480	0.002548488711133081
481	0.0012776715258782845
484	0.007500903906844569
486	0.00103563200148386
485	0.0007173452765827273
482	0.0005968367651447328
487	0.0007468411871872419
937	0.0009037388064870011
488	0.00027439826760504655
950	0.0010677640112110426
492	0.006872200922902761
489	0.0006052710319819128
497	0.0035087030336567906
493	0.0070196215932538325
499	0.007238474797181741
495	0.0018638523798953617
500	0.002184244779773521
501	0.005007935008839932
502	0.0039573173746377584
503	0.00307664957516987
504	0.0005417080143316074
509	0.004927278990390955
506	0.000858376587860067
512	0.00407689310885195
507	0.00494760509752745
511	0.004931514082738451
505	0.0008911262976249669
514	0.0016194825504727889
961	0.0005140692284845748
513	0.0006981211513138559
515	0.07397286514160333
335	0.0761194969434891
516	0.0005966587112171837
353	0.01052418933861529
520	0.005164906386764206
523	0.002719945409401779
521	0.0005966587112171837
407	0.07366553756431694
406	0.003640212769826097
524	0.0733451486710715
527	0.004349008123710898
415	0.009570515532613625
525	0.0005966587112171837
530	0.003589109458774878
536	0.0006446902345320367
533	0.0020920288254368683
531	0.0010806539905695808
582	0.05941461482193466
534	0.0013563810730335632
538	0.002298557667031445
537	0.00033013615018043533
541	0.002231358577607775
543	0.018634543364176682
546	0.005711910687878903
544	0.0005966587112171837
374	0.002982298298520236
547	0.01605136511630003
550	0.005307796754382599
548	0.0005966587112171837
371	0.06259632300225686
551	0.010485299685320613
552	0.0005966587112171837
559	0.008072132252332975
555	0.00023774970242652636
558	0.0017267603242709067
563	0.007877956208657335
562	0.002691707546229524
560	0.0008073028223796345
567	0.008279059394147532
569	0.006353755950584378
574	0.0025156617692036775
573	0.002094446260690423
575	0.01692579242424563
578	0.01650140965312759
572	0.0020672626980719226
576	0.0005966587112171837
579	0.011736249111537294
614	0.0009836068118242293
580	0.0012556518893037847
581	0.00014315671830990336
586	0.0019245008941285618
588	0.006936161731373888
590	0.00894898013427861
600	0.003565852487519113
594	0.0054249931678342885
593	0.004472178123837401
595	0.002208639040150378
589	0.058712129771653514
596	0.05700734314371969
597	0.0037491244325292034
598	0.0007022500230410956
591	0.0046952233820114105
627	0.001281814017267654
628	0.0542820298106384
601	0.006076415075900072
607	0.018146394402536785
602	0.011971790193487205
605	0.008803962221681158
508	0.009711705074849707
606	0.010084405628337203
609	0.004872039581234158
608	0.012643138229628448
603	0.0005966587112171837
613	0.01376120933930201
616	0.003366836588662928
618	0.0002842696953866493
624	0.00722966970572615
621	0.0011712713025853203
1195	0.004391402429385738
617	0.00316968589421102
615	0.01471998823521241
629	0.009784134706244478
625	0.0006824728750405844
630	0.07029961568969542
631	0.009433507497633047
637	0.00443974521868203
636	0.006534174359454671
639	0.006367130946256596
648	0.08905919782383467
645	0.0005966587112171837
646	0.0004534396140126895
650	0.004846830019614772
649	0.001740669832787502
651	0.004047590691491301
693	0.0002958145956055894
655	0.003012884873426681
1431	0.0009667890162778922
658	0.0028762092203339982
657	0.0005966587112171837
660	0.0022523815708556712
661	0.0043074157775057935
663	0.006217814582607136
662	0.0037027571624933656
568	0.004125626793734238
665	0.0032880570199284274
664	0.0053569545382558675
667	0.010373598977244962
669	0.0009789071192830108
672	0.0076801591283121905
673	0.009336499491615328
668	0.006910684970351864
670	0.003992870294029011
671	0.0025365425860473987
674	0.006420630697970613
675	0.0005966587112171837
677	0.00806188747399173
678	0.006764402285939802
680	0.008636519797287707
690	0.004855817260785494
681	0.010257179080777485
685	0.004882052236527768
686	0.0013941794236313706
682	0.0005966587112171837
689	0.0005028990175200759
703	0.004759009108891995
688	0.0020418926884205116
691	0.004168017298461673
692	0.0010643202856765429
687	0.0005003175341485853
705	0.007217732055989036
699	0.0009064398311544815
701	0.0014979986372234526
702	0.0012822014641726293
708	0.002821552322038312
724	0.0009823791503662188
704	0.007788352176239422
706	0.003624605752172579
1448	0.0005966587112171837
711	0.0046746068952386545
709	0.0005966587112171837
723	0.005148382414948981
712	0.0014729919421301205
717	0.0029118027753161865
679	0.003684201221585202
714	0.0016665237330139176
715	0.0005966587112171837
718	0.002539732915164022
721	0.007668410526899941
726	0.0032423519520517075
720	0.009106817712114558
725	0.0021360182615550254
719	0.0024033332558623627
722	0.002237620167039577
729	0.0021904097442203008
727	0.00505082632666784
728	0.008324542045810665
260	0.005693789635520806
264	0.004092628479694378
733	0.0016908874881308772
197	0.0009798769958120719
732	0.0024894990662281784
730	0.0005966587112171837
736	0.0076185198086660124
734	9.452062539492341e-05
737	0.011164809332129924
744	0.0005966587112171837
746	0.0
739	0.004042006571263686
283	0.0021951430440204965
297	0.0011929613145792693
740	0.004895338481943835
305	0.0028168030602809895
745	0.0011929613145792693
747	0.0028585836979536823
742	0.0005966587112171837
741	0.004974616700394353
748	0.05504981992154601
750	0.006394232347736066
311	0.005688620574341038
439	0.005124653129800308
310	0.0026251662408599344
751	0.008868580338139096
749	0.07158628846154522
755	0.006583930409618948
752	0.004224126788938225
756	0.008887334851950658
757	0.014203276140694226
758	0.011939663154126486
759	0.05545930189167811
761	0.010470203773860109
760	0.07511521853351714
763	0.004823642115457404
762	0.0007569028775606853
764	0.004104802103545248
765	0.0016938741270740192
770	0.0001106603136635242
766	0.0008320171341082814
767	0.00024163841084794854
738	0.003261798968126643
792	0.0014117838082605427
778	0.002807824221220997
774	0.001737528042087528
772	0.002874230531341067
771	0.0038006997018209315
776	0.0005966587112171837
779	0.010131060998172252
780	0.045485411288079605
783	0.009772394269537845
782	0.07726247523952728
1074	0.0020012828474828795
801	0.0037919772079693433
802	0.0009940903947117784
788	0.0008762792752852369
789	0.0011138242988569986
790	0.024713901730074997
796	0.001604858921592351
795	0.002216230781779643
793	0.0005966587112171837
786	0.0005966587112171837
781	0.007692968757875567
799	0.0005966587112171837
803	0.005014731861815234
804	0.004647314471876529
806	0.010238276066746434
797	0.014023656486978068
807	0.03799100080450309
805	0.0790915946548062
810	0.0027775745855860806
808	0.0005966587112171837
811	0.006714861494103848
798	0.015875177357972847
814	0.0011950089347460844
812	0.0005966587112171837
816	0.005472531087166325
815	0.021648666697820333
821	0.0011931393685068183
819	0.007128093920313802
2680	0.0
438	0.007494274792855826
825	0.0040010649289839335
823	0.003326979176074784
826	0.0027007669115855773
845	0.0016598791432897793
830	0.0016660284906218146
828	0.008732283948940388
829	0.007651831443725844
863	0.0022093645741664723
827	0.002817879444455789
833	0.0017458967461322378
831	0.0006971071425900448
864	0.0033851852101654954
834	0.008790227747541842
440	0.01358506837610873
835	0.0009464712425631474
843	0.008569604058902055
839	0.04009246202270029
455	0.0005343761743512225
842	0.0048497332726714585
930	0.0012327800498505184
844	0.00948477992518946
846	0.0005094878821820538
847	0.0005278178078866124
848	0.0013116010608875098
852	0.0014094086164985133
849	0.003975768294922523
851	0.001859931376260759
880	0.0013081019930737878
855	0.0009374189075165714
853	0.0006959939724925901
882	0.0009952702370644541
850	0.005337840849619334
898	0.0005116698250229468
856	0.0007879161824135087
902	0.02826117803834331
436	0.03339365262936983
858	0.0015798024184808948
860	0.0014190553403881942
868	0.0004941552181673296
865	0.0016040082456080082
867	0.0005419162950817474
874	0.001587369744313218
869	0.0002642576444061672
891	0.004681321254862053
878	0.0009957008976789802
871	0.0012459990989185875
775	0.0013412112526368586
876	0.0015518418423614237
913	0.008209655338127236
875	0.0009398502796683649
872	0.0021745840885458545
877	0.003378719660580646
1054	0.003939278094872443
879	0.002017035817057699
866	0.003313576812260767
896	0.0010622662367669481
885	0.0005353065993792182
886	0.0005516554201981631
890	0.0025980317279540137
895	0.0013379077115110828
892	0.0009517090743055059
881	0.001821449420966748
893	0.001563409430673024
915	0.0017209007163052183
888	0.00015186551523804748
894	0.001550895420514204
916	0.0025665637104683816
906	0.0014332559591375997
901	0.0004042336835982742
903	0.06255338505310691
900	0.003026963890732706
908	0.002464510541804549
907	0.0024304307004174444
912	0.007122730277308126
904	0.0030959608041552537
905	0.00874999127539087
919	0.004114864081885904
909	0.012842213670633531
911	0.0035915724922786483
1057	0.009232548490744705
914	0.002748116612127508
1058	0.0009277804586351981
918	0.002226804239365408
920	0.002848100180233194
922	0.0030330142204612553
923	0.003345474665973743
921	0.0032867661829686324
924	0.0028558304890398383
926	0.001479418157884576
927	0.0007521359477266872
1063	0.0010380090042740081
928	0.005821742983957479
929	0.004116202152241773
931	0.010148762923005605
933	0.0011569203051448728
932	0.0009236533801773376
934	0.002610939260932557
936	0.00024279493009757113
935	0.0008636577218437073
939	0.0004605173328801107
941	0.001220692074596909
942	0.00751262179400067
940	0.0015008557291599116
944	0.0010036677199607527
947	0.0011510337456236894
945	0.0005966587112171837
966	0.001456837825458667
965	0.025825820719110357
943	0.007546182545649948
951	0.0023368074991244555
952	0.000571461868967077
954	0.003947547399764632
953	0.0035937477946661237
956	0.0014377737113871998
958	0.007479529917874311
959	0.0003750106744093912
1180	0.002859446160428219
962	0.003474740281652288
963	0.004121967387843565
964	0.028132951289831242
1185	0.001961963852641348
977	0.01936979167675841
967	0.0053189417939936545
971	0.03032112614057491
972	0.021862312236737673
968	0.0006754116083397289
970	0.001330299325461475
973	0.010313805430500245
974	0.0017429590832448655
975	0.0007891389210672737
1020	0.0018606046923537005
979	0.00021231530690722438
978	0.024107210574934156
981	0.010380594567734859
1024	0.002125356660098971
980	0.0002199268208889994
1025	0.028546544476276418
982	0.01816323438636926
1027	0.01717268852018323
983	0.01623606117149286
984	0.030327620872393053
1200	0.007638009512216847
985	0.062027778289759535
995	0.007856175793404398
986	0.037046875636040776
948	0.025173383824505933
987	0.0006199719591759796
988	0.005397965118011836
991	0.006296565271600311
989	0.033239196286513145
1001	0.012898243684886746
1035	0.017611304195701234
993	0.02710143433622923
994	0.02367670762368671
996	0.0011873297140677877
998	0.0007058201679461804
997	0.0012055745526359895
1000	0.01880043655783487
1004	0.0008402482598280745
1002	0.01444148672170619
1003	0.012512620073228408
1036	0.029327369550430287
1006	0.0035918985508488583
1007	0.0011758320839432117
1009	0.0005989427642031304
1010	0.0016444735145765678
1092	0.0015222403192080751
990	0.02852742554639274
1016	0.0011159248978895207
1018	6.723243536258125e-05
1014	0.0002729553287446383
1015	0.0019352640112927709
1017	0.00023997515842736548
1019	0.001396260836386641
1022	0.0025551525652206856
1026	0.0016353160945745747
1028	0.0019414362972098
1029	0.002856892565819969
1032	0.001911803449913541
1289	0.0018997667406462563
1042	0.027373513013154042
1039	0.02843922208261307
1038	0.001915814941216678
1114	0.0006187634854517365
1040	0.0005966587112171837
1046	0.050328597131941995
1044	0.03205977358545452
1045	0.013116122091510184
1047	0.016861002581539216
1049	0.013829705249948003
1048	0.022480496337197144
768	0.00019380248982067997
1051	0.001558470468068241
873	0.0008393194971212093
1052	0.0005966587112171837
1059	0.0013764110228299646
1056	0.01376130959864612
1061	0.0007005086705747718
925	0.0034796448117399245
1065	0.003681472513277841
1066	0.0005966587112171837
1076	0.001666567907715086
1070	0.0015613040869216278
1073	0.015263305236186875
1071	0.0005966587112171837
2097	0.0005966587112171837
1075	0.0012754561697700248
2099	0.006225935427967589
1077	0.004018484308785461
1082	0.0077056356707554206
1081	0.005213688833466935
1085	0.002638397368789246
1148	0.014138673073317795
1091	0.005017325876891968
1087	0.00029786662810702124
1090	0.01895546378205441
1089	0.0004980125937747302
1083	0.00551730142510217
1101	0.0013376450701422051
1102	0.0014341630062818366
1008	0.0018539112890525722
1099	0.0005966587112171837
1093	0.0018648472382464369
1098	0.02116103433784644
1095	0.0012346347876684347
1096	0.001983365751979232
1079	0.0005966587112171837
1103	0.0006924263843026598
1107	0.001002225152964058
1106	0.0019157878704642861
1104	0.0008015608233527358
1110	0.025925156106222712
1108	0.006994577507904522
1140	0.0005626613413928877
1109	0.005671409488457078
1111	0.002645791004993381
1131	0.021920288304235647
1115	0.0015595555288041734
1113	0.0013606959056351859
1116	0.0009126849639547412
1117	0.00036853690169240524
1119	0.0009688205322903175
1120	0.002086267480776997
1122	0.003351794171928788
1125	0.02934162374445546
1121	0.002809305005551172
1118	0.00400238239282453
1129	0.000706492463822329
1123	0.02852060143607432
1124	0.011956576400326607
1127	0.0005967477381809583
1132	0.0037675347082436928
1135	0.023308205432088076
1133	0.0009623311786078863
1136	0.04911203908033866
1137	0.05862755876353022
1161	0.07109828392786213
1138	0.01585088911345474
1050	0.0024383738967720717
1139	0.015249008393648865
1163	0.021057472655899457
1145	0.009912040644296608
1146	0.0014875625142276659
1144	0.0014583897885041333
1143	0.004073973313208587
1155	0.010183976166590033
1150	0.012702116850396553
1151	0.004751313601706881
2115	0.0028000179297175136
1154	0.006747959634348904
1152	0.006668816686487206
1162	0.04339140905227775
1160	0.05094719051473007
1156	0.0007953980419930777
1169	0.003563062108295674
1170	0.0036305164345326935
1167	0.00041004106700135703
1171	0.02879930190129748
1174	0.007394731225030836
2117	0.051102400385335076
1172	0.00035660817247052377
1178	0.014693150186816457
1175	0.0003007863692860218
2130	0.016484092283752718
2125	0.00667712432186884
1177	0.019274904593492785
1179	0.003867079779760054
1831	0.018628711808982526
1832	0.0012536854109437949
2822	0.015184467041287786
2823	0.009492290212547745
1707	0.012604192858127234
1708	0.020944140470125758
1877	0.0003893003651292253
2926	0.0018851407670504017
2927	0.0005966587112171837
2347	0.0010573586914464346
2339	0.0018046038760860415
2800	0.003989261046660629
2802	0.02929557701121694
1835	0.025614251742851306
1836	0.025380423299014177
2321	0.0037671841286217706
2322	0.013834215280259392
1345	0.0007205371844118068
1340	0.0005446724975972679
1337	0.0023471600595220327
1205	0.03317075686454035
1204	0.0019016132539596763
1207	0.003595351316627527
1335	0.0022793665450132517
1203	0.028507102384160796
349	0.02610160344899249
350	0.06956342002211854
1838	0.007031672482413364
1863	0.003498638800598367
1339	0.021488831210615674
1342	0.030648764155716365
1338	0.004381671826226513
2541	0.0029607662784691814
2542	0.004661998567839383
1196	0.005421436802489638
1844	0.0039496662507699795
1864	0.0071687125927611854
1694	0.008734931412214719
1695	0.02635851566329756
1212	0.0011407989240628097
1213	0.0012827751596397258
1673	0.012824024467180643
1344	0.025903206593224364
1211	0.0011311366201210975
2819	0.04373057328023061
2782	0.014834791680511333
2799	0.0016815311833494097
2798	0.0014391627197096924
2797	0.0031279585676742584
1320	0.01881806410525368
1318	0.000598261196565126
1821	0.001081078581968036
1822	0.0013581867755132074
1693	0.012156515242445994
1692	0.00020675595712447826
2368	0.0008385733753909337
2369	0.0009906168464704226
1690	0.001409074685368745
1691	0.000725221698651972
347	0.04111878860979185
348	0.0964132753186951
1820	0.007076990356740189
1826	0.005900353823368005
336	0.0033653978579123497
337	0.0
2317	0.001940044062782434
2319	0.02178753180345131
2152	0.0013658941003492299
2320	0.00520499010906756
2735	0.0012863917969837954
610	0.004137659168576961
611	0.00041093773159364054
1295	0.0025417740226332656
1296	0.0005988981632940367
1299	0.0005622222125395435
2734	0.0004135083675323752
2150	0.007444090887659442
2151	0.010970561998717815
1291	0.0008334309977826417
1293	0.002269174235645956
1681	0.0006091992150906104
1683	0.0006178156421457349
2314	0.007934630032847155
2140	0.0018862245095568272
1186	0.0009007825255109212
1184	0.0008074694443999033
2175	0.007368669077420443
2176	0.002308695241784365
1290	0.0003025017220018396
1314	0.01435568987629529
2725	0.0013107144298400001
2724	0.0012221954825456121
1294	0.002157294085649959
1033	0.0005966587112171837
2312	0.0020221851181533605
2310	0.0006033261948970151
1164	0.0007808127138451218
1030	0.0018242647581805192
1031	0.0009194786501456873
170	0.030938407327023843
169	0.008087283632144405
2170	0.000540583319402405
2171	0.0019902495703014735
2126	0.00837418680940211
2722	0.0028174580209987705
2723	0.001185350422905227
2137	0.0015417547449819563
2138	0.0007495332391649737
2148	7.053215449208489e-06
2149	0.001083238758422844
2129	0.008951274065472107
2133	0.0019091611174779925
174	0.008692297892708091
175	0.027136173579235427
2729	0.001285193439079009
2730	0.004489583220219113
2164	0.001131897398797144
2165	0.0029161458992699577
2748	0.04090706977987367
2749	0.016613226044904082
2254	0.007485129800601952
2255	0.004237545667754458
2262	0.0025632423414625447
2263	0.0039799612188826375
2145	0.0026954358287072425
2144	0.003919395410990577
2252	0.0008332924470594063
2253	0.0009871305557178007
399	0.011038885303773447
403	0.01084845394327538
402	0.0030397129026299113
412	0.0005966587112171837
2186	0.007737429823420597
2245	0.00756225811283811
2743	0.0
2744	0.0011931393685068183
2773	0.0016748478085603623
2774	0.0005966587112171837
331	0.03301180486941779
333	0.09666931625280063
498	0.0
2239	0.001205317358479423
2240	0.00257215802330401
2712	0.0067790570818398455
2718	0.0008978609791370415
2711	0.005338053581401889
2740	0.038751871703552626
2741	0.020553755683119443
3013	0.00221325038550629
3010	0.007343981306150957
3163	0.0017892639179413546
3164	0.0005966587112171837
3316	0.008180380451467609
3317	0.007736602683683483
3312	0.001480539652427715
3268	0.0008226833850264806
3266	0.0018387409255689077
3267	0.004470552300034523
3159	0.05776617465135019
3160	0.0778283237800406
3257	0.024828257463064173
3258	0.04455091576435997
3264	0.04051414549731971
3265	0.042278342932005955
3137	0.021588404479661722
3138	0.06879675944114298
3106	0.06517505483069641
3107	0.027128654081592585
3136	0.0649278230807029
3135	0.026254181712470816
3156	0.0005966587112171837
3158	0.019006657768622974
3039	0.002800014244182277
3037	0.003353331284960821
3066	0.0622879580694203
3067	0.05721194972913947
3270	0.0031002033013546016
3271	0.000244917663859756
3276	0.04198460394667763
3274	0.008690886771665475
3344	0.003235232334873478
3345	0.003286979956948669
3343	0.0009023338836335867
3058	0.05650218377867796
3059	0.0672682822862869
3275	0.0266717185532894
3277	0.039477741368873026
3253	0.0013610283955720539
3254	0.0018481498831753806
3097	0.00231514706074498
3095	0.002341212053805577
3249	0.0005966587112171837
3251	0.0016850258993859105
3032	0.05824651221685294
3033	0.06814344477550939
3110	0.002821524861145078
3116	0.003032849844319789
3246	0.0025223833897249654
3244	0.0015895217833080588
3340	0.001413011030741435
3341	0.0005966587112171837
3296	0.0015369156230311395
3297	0.0005966587112171837
3299	0.03303506806587185
3300	0.03764845395856744
3287	0.0019308478204933764
3288	0.0005966587112171838
3185	0.0011850836695337932
3186	0.0005433883587598383
3230	0.0034098648497022086
3227	0.0028868647075744607
3333	0.0011504263566100693
3335	0.0005434345824640875
3336	0.0012408835378480672
3126	0.0035966112584547042
3127	0.001156422973537085
3181	0.0003411978307762817
3182	0.0010634004029971885
3228	0.0013427807399938336
3229	0.0005966587112171837
3226	0.0007885545133663899
3204	0.0002107277519351537
3205	0.00047199884303928205
3225	9.326218638692421e-05
3337	0.001412593141755579
3338	0.0001390725914478379
3192	0.0019110171266860192
3193	0.0007949789296851947
3194	0.0005969851434176904
3197	0.0004595304989897384
3283	0.0010531243592530588
3282	0.00018042878426333142
2861	0.02697175260804844
2862	0.03289575165788898
2967	0.0012421740684205223
2968	0.0005966587112171837
3084	0.006511889004933656
3085	0.0034370968641616174
3290	0.0010790763115021084
3291	0.005765486669128762
3089	0.002117755738806284
3101	0.000612513404360952
2895	0.003137118577162212
2896	0.0035935530803006426
3221	0.0021323840516411573
3223	0.00291856598428617
3174	0.0007519830982921171
2485	0.0009912349159757136
2990	0.05905031260962827
2991	0.06056642442227056
3026	0.0005966587112171837
3023	0.0015005939162202981
2646	0.0021657053445341013
2647	0.0017345788123021974
2469	0.0016955833460035852
2470	0.0060487740563791295
1642	0.004734047587739188
1641	0.015823751495330014
1533	0.0060358226254057425
1535	0.005865492505480669
2649	0.004874756669021303
2650	0.0005966587112171837
2856	0.03206332246432541
2857	0.03532058267599029
2513	0.008294200615303074
2514	0.009873400282264314
2481	0.0002489979196318683
2482	0.00013663237079538244
1663	0.0010340191321577905
1655	0.0019083001214726754
2089	0.0006577241777637735
2090	1.6024789246404428e-05
1638	0.005268555534537556
1637	0.0018511958881134714
2668	0.0019919516665319833
2669	0.0005966587112171837
1640	0.005851593826811857
1639	0.00045484002520046766
2956	0.0029355780001740425
2954	0.02264507142315512
2020	0.0010084493636245211
2022	0.011152085162951516
1662	0.0002772124767014128
1656	0.00016322300616190797
1654	0.000982321784822118
1645	0.007618842308975436
1636	0.00665435123302612
2083	0.008032650072598147
2084	0.0014758528369148388
1521	0.0019119541241967965
1522	0.001349457360319649
1511	0.007737884900866534
1512	0.0025713910973119386
1626	6.280856713901465e-05
1627	0.00031979327908404897
1628	0.0003744156800443084
1629	0.0012166930379682818
1516	0.0008648829659465382
1517	0.0007224764951648613
2453	0.0007942526255271431
2454	0.0003018398187377686
372	0.024382748976102094
373	0.06042698246502577
1519	0.0005973412512727887
1518	0.00041479895533824625
2450	0.004778445073917888
2478	0.00408652252948385
2891	0.01746950435212643
2890	0.013292878385060897
2943	0.016675919594535602
2941	0.005274331989203138
2456	0.000725813321606117
2455	0.0017636716255939307
2079	0.000654235501022037
2080	0.0008270230563164002
2451	0.00028751797452219703
2452	0.0003398883540998204
2666	0.0007846052302458224
2659	0.0020425747537393467
2940	0.0081952651749643
2942	0.017108982844604877
2081	0.0006931182465303526
2939	0.0023290582552366362
1508	0.00019257555405152946
1509	0.0005015221049143659
2433	0.011615313474226816
2015	0.00012770580639598618
2016	0.0005180680342284874
1593	0.002437304070235818
1594	0.0020267776758653715
370	0.02276999501874126
2932	0.016214866592890998
2933	0.011792160357233548
1515	0.0017667846016128203
1578	0.0010583904837084487
2070	0.0019810730383338104
2071	0.0017181643330252292
2069	0.0008587938090965184
1606	0.001058765508426091
1607	0.000768114449930659
1624	0.0014190865733682565
1615	0.00042906557929560764
1978	0.00458507465963476
1979	0.029977432957068388
2002	0.006611465775431879
2442	0.010830342650683755
2443	0.10303932711114905
22	0.004580729852950092
23	0.005048024469552107
2445	0.0005966587112171837
2441	0.001668178741649558
2425	0.009812357440516135
2426	0.007477843706845482
2064	0.0012545262979748017
2065	0.0001607672637925093
2063	0.0012964048411427587
2847	0.018051057390112556
2848	0.0232057441502127
2003	0.002940234666962964
2006	0.0002525900975125589
1496	0.0057274342433702155
1497	0.005597722618305733
1616	0.0008456467818326695
1617	0.002526945072816632
1608	0.0012034746236184244
2594	0.002102790961844554
2642	0.004905195719782956
2007	0.0019569285137848204
2008	0.0030004016004407533
1970	0.0030236932717356132
1971	0.0037794943137572376
17	0.0012239092487598823
18	0.00011245476618495599
19	0.00044054284800396814
16	1.127674874477916e-06
15	0.003156576746504101
14	0.0023021515259466913
1620	0.00011313432245209473
1622	0.001135248291226637
1972	0.0013958376837638518
1999	0.0007689012701156128
2000	0.0015483963950748002
1574	0.005807210683385779
1575	0.00690694811643741
165	0.006008534975382243
166	0.011720667522083164
1586	0.004647688611778701
1589	0.005167253851244639
2638	0.002289429300165644
2838	0.0008023350024518351
2840	0.014922514090089036
2846	0.02672552051995921
1141	0.0005966587112171837
1094	0.002444081118540811
2221	0.0034573876752577843
2222	0.0022391390554019805
1157	0.0005985824996976564
2284	0.0018967674837532809
2282	0.002324099713580631
2114	0.0008021255816508951
2281	0.002159746917942147
2283	0.00310005433503836
1013	0.0017555380285492579
1011	0.0005966587112171837
2276	0.0008744084322320937
2277	0.000688875211368752
1153	0.0011830526447920732
2218	0.003454937381779563
2219	0.002711310105727509
2714	0.028682808945099423
2715	0.031040116717104074
1159	0.0008587810373258237
2716	0.02111243236755948
2717	0.02451671540541745
400	0.0031027360316829167
2121	0.05771349087610334
2234	0.0011365164683505482
2231	0.002173775314499273
153	0.00413911292354646
154	0.0005966587112171837
388	0.004342616014785754
1097	0.0
398	0.003783621573879463
2736	0.015838384863944316
2737	0.013968564468036303
2229	0.0007997812396804525
2230	0.0005988487745260382
2120	0.03967193492839502
2272	0.0054488818840204515
2271	0.006518305494617603
2228	0.00024578861868143186
2709	0.02967198009048801
2710	0.020750901126659508
395	0.00267189751106366
396	0.0006283535605264924
332	0.035358793028588936
327	0.09155305972144841
2112	0.0005966587112171837
2107	0.01400843350638161
2765	0.01627593819531297
2766	0.007435120824813105
408	0.0005966587112171837
2764	0.0035488990910391193
2763	0.029913144245533617
147	0.0005966587112171837
148	0.0
2197	0.0038154844145552665
2198	0.003017070791189894
2693	0.03243824462107337
2694	0.020354669233436318
841	0.009711879080892447
899	0.0010229636257306988
386	0.009758119014355044
387	0.006612695330173161
385	0.009792204894829942
2199	0.0005966587112171837
2201	0.0018609548073160729
324	0.0376129561871061
325	0.09341739316972258
2202	0.0018430243760820884
2203	0.0005966587112171837
2208	0.006325836746112079
2209	0.0005966587112171837
2756	0.0010484911252574111
2759	0.010725022431641314
889	0.0017362353188571634
321	0.0005966587112171837
320	0.0011977085714380685
887	0.000882730378621559
453	0.007297788745220538
454	0.03981636494065274
1084	0.012857668655772066
389	0.003473612922254361
390	0.002946047741490094
2205	0.05745472249434811
2206	0.021746924140795692
182	0.019396893146014428
183	0.02953004351026003
2102	0.0013672157466166881
2103	0.0005966587112171837
326	0.04414990950771426
328	0.08781550209286974
384	0.027076440889671302
383	0.043904887649956995
426	0.02789319716617182
1068	0.0005966587112171837
2196	0.06595539988400363
820	0.026867415888552206
859	0.000360766126543436
143	0.0005966587112171837
145	0.0011929613145792693
312	0.036854073968334254
313	0.014031760612766796
225	0.01711698072339492
146	0.00285144545180974
186	0.015372213871736418
187	0.0012335760115360231
291	0.08782018305907194
292	0.09320200937082437
224	0.0237737988704833
307	0.06436391458995878
308	0.07316034986458618
753	0.0005966587112171837
306	0.0005966587112171837
274	0.0046424070185211615
275	0.0005966587112171837
269	0.0005966587112171837
266	0.003599716663622984
52	0.0007211321886267606
63	0.0024162930405046946
282	0.0040495382082715295
220	0.017891639988854294
221	0.022460790755251814
123	0.004595165010600769
122	0.0030943321839001603
53	0.0011483754314690856
55	0.007601748331641842
56	0.005375875604980793
50	0.0007942427980037337
64	0.0022375114521601485
65	0.004094983792196938
47	0.0010489748208231595
48	4.452937308473922e-05
124	0.012793764010567773
125	0.008858024586345622
117	0.0010278248088490332
118	0.003004541849414662
214	0.0009863478482570727
215	0.0016438789465633948
33	0.00022128562234743614
34	0.00019988041752308887
238	0.0025495750970142253
208	0.007482489058998689
36	0.00032158439440046035
37	0.0006435819405742338
39	0.0005966587112171837
38	0.0013761325782422488
201	0.0015296023063070892
202	0.0020478757485329455
86	0.0012354181015004817
80	0.0015757298414647532
84	0.0005966587112171837
91	0.004724854631292617
90	0.002711457085609202
205	0.0030968997838100474
206	0.0034754555850007194
203	0.0005966587112171837
94	0.0005987568185366155
96	0.001206127223160814
74	0.0031432070950974424
75	0.0005966587112171838
259	0.0027044641489652357
262	8.605939831541991e-07
248	0.0021110104084439384
247	0.0011929613145792693
261	0.0012114125064955714
249	0.0001759320363165043
257	0.0006637592603128521
255	3.473206951301234e-05
254	0.0003918080915667764
258	0.00013195567122029924
256	0.0009179936915018239
252	0.0005227930363896197
251	0.0026256169131125204
784	0.0
6	0.0005966587112171837
7	0.0
9	0.0006583646587321032
10	0.0
12	0.001358212527993606
13	0.0
26	0.0008372492804647265
27	0.0
40	0.0
41	0.0013503224029415757
42	0.0
44	0.0005966587112171837
45	0.0
54	0.0
67	0.0
68	0.0005966587112171837
69	0.0
76	0.0
78	0.0021229168684401395
79	0.0
85	0.0
88	0.0018085066744807565
89	0.0
95	0.0
101	0.002632553324778796
102	0.0
108	0.006770936514390853
109	0.0
111	0.004957661936840823
112	0.0
114	0.0009553657663456305
115	0.0
119	0.0
131	0.02320147543323841
132	0.0
135	0.0005966587112171838
136	0.0
137	0.0005966587112171837
138	0.0
144	0.0
149	0.0017892639179413546
150	0.0
155	0.0
157	0.0020020259784818925
158	0.0
178	0.0005966587112171837
179	0.0
180	0.0005966587112171837
181	0.0
184	0.011760764254486725
185	0.0
194	0.0
198	0.005178540782406606
199	0.0
204	0.0
212	0.0005966587112171837
213	0.0
216	0.0006691027819433937
217	0.0
219	0.0005966587112171837
223	0.0
226	0.00845665848364246
227	0.0
231	0.0
236	0.0008649108854915392
237	0.0
244	0.001841363829247097
245	0.0
243	0.0005966587112171837
246	0.0
250	0.0005966587112171837
263	0.0
267	0.0005966587112171837
268	0.0
270	0.0
276	0.0
280	0.0005966587112171837
281	0.0
286	0.0005966587112171837
287	0.0
295	0.0005966587112171837
296	0.0
298	0.0005966587112171837
299	0.0
303	0.0006968733765554196
304	0.0
309	0.0
322	0.0
329	0.002249417031964403
330	0.0
341	0.0005966587112171837
342	0.0
345	0.0005966587112171837
346	0.0
362	0.0
377	0.0005966587112171837
378	0.0
380	0.0005966587112171837
381	0.0
393	3.516766323476135e-05
397	0.0
401	0.0
404	0.0005966587112171837
405	0.0
409	0.0
413	0.0
302	0.0009263439934474579
416	0.0
419	0.00103150299561574
424	0.0005966587112171837
425	0.0
428	0.0001262302301676984
430	0.0006844715367823371
434	0.0007556068631290173
435	0.0
442	0.0
450	0.0
461	0.0
463	0.0
467	0.0
471	0.0
474	0.0
478	0.0
483	0.0
490	0.0
494	0.0
510	0.0
517	0.0
522	0.0
526	0.0
532	0.0
535	0.00014449946517914932
545	0.0
549	0.0
554	0.0
561	0.0
565	0.0
570	0.0
577	0.0
583	0.0
587	0.0
599	0.0
604	0.0
612	0.0
622	0.0006006139868150923
623	0.0
626	0.0
634	0.0
640	0.0
647	0.0
652	0.0
659	0.0
666	0.0
676	0.0
683	0.0
684	0.0
696	0.0
700	0.0
710	0.0
713	8.760915319474332e-05
716	0.0
731	0.0
735	0.0005689622334655558
743	0.0
754	0.0
769	0.0
773	0.0
777	0.0
787	0.0
794	0.0
800	0.0
809	0.0
813	0.0
822	0.0
824	0.0
832	0.0
836	0.0
838	0.0
854	0.0
857	0.0
861	6.1019340292990844e-06
862	0.0
870	0.00011622575515709005
897	0.0
910	0.0001890047025441993
917	0.0
938	0.0
946	0.0
949	0.0
955	0.0
957	0.0
960	2.124596028100769e-06
969	0.0
976	0.0
992	0.0
999	0.0
1005	0.0
1012	0.0
1021	0.0
1023	0.0
1034	0.0
1037	0.00025863081816685467
1041	0.0
1043	0.0
1053	0.0
1055	0.0
1060	0.0
1062	0.0
1064	0.0
1067	0.0
1069	0.0
1072	0.0
1078	0.0
1080	0.0
1086	0.0
1088	0.00018879043660781545
1100	0.0
1105	0.0
1126	0.0
1128	0.0
1130	0.0
1134	0.0
1142	0.0
1147	0.0
1158	0.0
1165	0.019543558381124877
1166	0.0
1168	0.0
1182	0.0003623489494401133
1183	3.142701738919711e-05
1188	0.0008172361400069304
619	0.00014108027383675947
1197	0.0
1198	0.0281819429699577
1199	0.0
1214	0.0
1219	0.0010008444175325696
1220	0.0
1241	0.0
1254	0.0001026048880755706
1255	0.0002558852878620377
1265	0.0006699432219135256
1266	0.0
1272	0.0013830621436303374
1273	0.0
1288	0.0
1292	0.0
1302	0.0005966587112171837
1303	0.0
1311	0.0
1319	0.0
1321	0.0009054639761956879
1322	0.0
1348	0.02036835809286056
1349	0.0
1354	0.0010259057683283097
1355	0.0
1356	0.0008505048715706837
1357	0.0
1362	0.0015406236067138442
1363	0.0
1376	0.0
1383	0.022191258543607224
1384	0.0
1388	0.0006535279125254857
1389	0.0
1395	0.0056620379498056395
1396	0.0
1401	0.0022285517640662595
1402	0.0
1414	0.0012385393502337754
1415	0.0
1427	0.0017860534946603755
1428	0.0
1441	0.0
1449	0.0
1452	0.0
1469	0.0
1474	0.000689459532447343
1477	0.0
1491	0.0006552247008213992
1492	0.0
1461	0.0005966587112171837
1499	0.0
1520	0.0
1524	0.0007187768819556891
1525	0.0
1570	0.0
1577	0.0
1600	0.0005966587112171837
1601	0.0
1604	0.004690516312410277
1609	0.0
1614	0.000633797255118017
1619	0.0
1652	0.0007442903372509914
1653	0.0
1665	0.0025480974949144103
1666	0.0
1675	0.0
1678	0.0005966587112171837
1679	0.0
1682	0.0
1698	0.0015918694182198202
1699	0.0
1705	0.0007021566500368315
1706	0.0
1710	0.0025875474861948382
1711	0.0
1713	0.0009745630399089428
1714	0.0
1719	0.020237359605130276
1720	0.0
1729	0.002736523864715497
1730	1.7805392754914466e-07
1732	0.002991906621074565
1429	0.015265643385766475
1737	0.0
1747	0.0
1749	0.0013222683179859858
1750	3.517742197940463e-05
1745	0.00014744950575434112
1754	0.0
1766	0.0
1775	0.009407742774957054
1776	0.0
1746	0.0012738453056801507
1783	0.0
1797	0.0016105831791423447
1798	0.0
1811	0.003355977957768471
1812	0.0
1816	0.0009394656831860015
1817	0.0
1825	0.0
1827	0.0006143972952122362
1828	0.0
1823	0.013349645468063021
1829	0.0
1839	0.0
1846	0.0020923966101158414
1847	0.0
1851	0.0017748136714429651
1852	0.0
1861	0.002061712699774319
1865	0.0
1868	0.0006333480439575792
1869	0.0
1870	0.006990008621496099
1871	0.0
1897	0.0006139602190476575
1899	0.0
1904	0.0002748948276260895
1893	0.004939236729791041
1807	0.0010565311339255242
1921	0.0
1929	0.0
1933	0.0031543237131074387
1934	0.0
1912	0.0036574088544465825
1937	0.0
1952	0.001023483166413237
1953	0.0
1955	0.0
1950	0.0027951056120277765
1959	0.0
1961	0.0017187764460034976
1962	0.00017493642997271997
1963	0.03968674214517992
1965	0.00032729680983926784
1966	0.0003120640151293018
1973	0.0016170217916117763
1974	0.0
1796	0.0030370338429238654
1982	0.0
1986	0.005876888089720217
1987	0.0
2011	7.008618818294845e-06
2012	0.00046381244507914896
2018	0.0005886460184306765
2021	0.0
2024	0.030975350226514004
2029	1.7805392754914466e-07
2030	0.0009728287915390896
2031	0.00019469122463543036
2035	0.0
2038	0.002026844111111528
2039	0.0
2048	0.0005966587112171837
2049	0.0
2061	1.7805392754914466e-07
2060	0.0015129941966537353
2066	0.00045005814267624065
2072	0.003673622510506142
2077	0.005773607289396853
2078	0.0
2082	0.0
2094	0.0005968367651447328
2095	0.0
2098	0.0
2104	0.0
2113	0.0
2118	0.02518222683383883
2119	0.0
2122	0.0
2123	0.0005966587112171837
2124	0.0
2135	0.003597486063216206
2136	0.0
2139	0.0013527190421618927
2143	0.0
2153	0.000709468094634749
2154	0.0
2159	0.0006456703880476093
2160	0.0
2166	0.0006004399081847764
2168	0.0
2167	0.0023773513897287317
2169	0.0
2177	0.0
2178	0.019856311772310398
2179	0.0
2188	0.010726709891161458
2189	0.0
2192	0.004284465854913988
2193	0.0
2200	0.0
2204	0.0
2210	0.0
2213	0.000598261196565126
2214	0.0
2223	0.0005977270347824785
2224	0.0
2233	0.0
2235	0.0
2242	0.0005966587112171837
2243	0.0
2246	0.0
2250	0.004765219559487783
2251	0.0
2259	0.0006837135684732104
2260	0.0
2264	0.0005966587112171837
2265	0.0
2269	0.0005966587112171837
2270	0.0
2278	0.0
2289	0.0
2291	0.005342277185763117
2292	0.0
2285	0.011867960166292458
2299	0.0
2300	0.003073503112167141
2301	0.0
2303	0.0005966587112171837
2304	0.0
2307	0.0006975879136466128
2308	0.0
2311	0.0
2315	0.0006102761362640136
2316	0.0
2318	0.0
2325	0.01891513302996134
2326	0.0
2333	0.009388471569501611
2334	0.0
2342	0.0014403258710753294
2343	2.3754481843967465e-06
2345	0.008472940131642934
2355	0.0005966587112171837
2356	0.0
2366	0.0011867376941597037
2367	0.0
2370	0.0009528184538871432
2371	0.0
2374	0.0012502694608786014
2375	0.0
2380	0.0006899356563431306
2381	0.0
2387	0.0005966587112171837
2388	0.0
2398	0.0014163236862617912
2399	0.0
2403	0.0018710478205635245
2405	0.0
2409	0.00088451039960908
2410	0.0
2412	0.002098115430779451
2413	0.0
2419	0.0009918309226128951
2360	0.0017742166102723545
2430	0.00430126754125292
2431	0.0
2435	0.0
2438	0.02801389298171641
2439	0.0
2446	0.0
2448	0.0037044640997996336
2449	0.0
2465	0.0006094646653082947
2466	0.0
2475	0.0006950210936536951
2476	0.0
2484	0.0005984689261472667
2488	0.0
2401	0.001084989436685691
2493	0.0
2497	0.0
2496	0.00555995192044239
2503	0.0006702581879458762
2504	0.0
2507	0.0005966587112171837
2508	0.0
2510	0.0005966587112171837
2511	0.0
2520	0.0006215436886879467
2524	0.0
2527	0.0020588762023079255
2528	0.0
2544	0.0007157990303403453
2545	0.0
2554	0.001053792273226488
2555	0.0
2562	0.0
2567	0.0
2575	0.0014619059809803051
2576	0.0
2585	0.0
2589	0.0
2591	0.0
2597	0.001201592644696879
2598	0.0
2599	1.7805392754914466e-07
2268	0.0011288389579355426
2596	0.0005152763878719257
2604	0.0012416310531473528
2605	0.0
2607	0.0024453360973097703
2608	0.0
2611	8.902696377457233e-08
2612	0.0003267007525894765
2617	0.0
2627	0.0003772745013802678
2629	0.0
2637	0.0
2639	0.0015262764078558253
2641	0.0
2643	0.006467785631497381
2644	0.0
2651	0.0
2652	0.0017085448246640547
2653	0.0
2661	0.0005966587112171837
2662	0.0
2663	0.0005966587112171837
2664	0.0
2667	0.0
2671	0.0
2676	0.0005966587112171837
2677	0.0
2689	0.0005966587112171837
2690	0.0
2695	0.0005966587112171837
2696	0.0
2699	0.0008727321401154826
2700	0.0
2703	0.0006136623217407712
2704	0.0
2707	0.0029558267822628287
2708	0.0
2719	0.0
2731	0.0008797955469235636
2732	0.0
2739	0.0005966587112171837
2742	0.0
2745	0.0
2757	0.0005966587112171837
2758	0.0
2760	0.0005966587112171837
2761	0.0
2767	0.0005966587112171837
2768	0.0
2775	0.0
2780	0.0005966587112171837
2781	0.0
2783	0.0005966587112171838
2784	0.0
2785	0.0005966587112171837
2786	0.0
2792	0.0005966587112171837
2793	0.0
2795	0.0
2801	0.0
2805	0.0005966587112171837
2806	0.0
2810	0.0
2820	0.000833778005941324
2821	0.0
2830	0.0
2835	0.0005966587112171837
2836	0.0
2839	0.0
2842	0.0011931393685068183
2843	0.0
2849	0.0012580146509346413
2850	0.0
2859	0.0005966587112171837
2860	0.0
2865	0.0005966587112171837
2866	0.0
2824	0.0007926515339129756
2868	0.0
2873	0.0005966587112171837
2874	0.0
2880	0.0005966587112171837
2881	0.0
2885	0.0005966587112171837
2886	0.0
2892	0.0005966587112171837
2893	0.0
2898	0.0005966587112171837
2899	0.0
2900	0.0005966587112171837
2901	0.0
2907	0.0005966587112171837
2908	0.0
2919	0.0005966587112171837
2920	0.0
2929	0.0
2936	0.0005966587112171837
2937	0.0
2944	0.0005966587112171837
2945	0.0
2949	0.0005966587112171837
2950	0.0
2951	0.006904147780581661
2952	0.0
2960	0.0
2969	0.0
2976	0.007243803564173978
2977	0.0
2980	0.0024245022062415627
2981	0.0
2988	0.0005966587112171837
2989	0.0
2992	0.0005966587112171837
2993	0.0
3003	0.0005966587112171837
3005	0.0
3008	0.0005966587112171837
3009	0.0
3019	0.0005966587112171837
3020	0.0
3022	0.0
3027	0.0
3030	0.0005966587112171837
3031	0.0
2997	0.0020644368238578775
3036	0.0
3040	0.0005966587112171837
3041	0.0
3042	0.005353997909858631
3043	0.0
3034	0.0005966587112171837
3035	0.0
3048	0.0017783642437149791
3049	0.0
3053	0.0007167550603402789
3054	0.0
3062	0.0005966587112171838
3063	0.0
3064	0.0005966587112171837
3065	0.0
3075	0.0005966587112171837
3076	0.0
3081	0.0005984729728274379
3082	0.0
3086	0.0006888518401339869
3087	0.0
3090	0.0005966587112171837
3091	0.0
3096	0.0
3103	0.0025170377693066884
3104	0.0
3114	0.0005966587112171837
3115	0.0
3117	0.0005966587112171837
3118	0.0
3119	0.0005966587112171837
3120	0.0
3129	0.0005966587112171837
3130	0.0
3131	0.0005966587112171837
3132	0.0
3142	0.0005966587112171837
3143	0.0
3152	0.002119168745913536
3153	0.0
3157	0.0
3161	0.0005966587112171837
3162	0.0
3166	0.0
3167	0.0005966587112171837
3168	0.0
3170	0.0005966587112171837
3171	0.0
3172	0.0005966587112171837
3173	0.0
3175	0.0
3178	0.0006435498543397675
3179	0.0
3183	0.0019479956570448438
3184	0.0
3196	0.0
3202	9.911668633569053e-07
3203	0.00042659654550474083
3216	0.022009736854810252
3217	0.0
3222	0.0
3232	0.0
3239	0.0032621672446970576
3240	0.00019628501338154013
3238	0.0002542014713222482
3245	0.0
3247	0.0005966587112171837
3248	0.0
3250	0.0
3255	0.0006383487964043216
3261	0.0
3272	0.0005966587112171837
3273	0.0
2534	0.0007111472192584216
3280	0.0
3284	0.0009575636953834418
3285	0.0
3292	0.0029133496118496274
3293	0.0
3298	0.0
3302	0.0
3304	0.0011931393685068183
3305	0.0
3309	0.0005966587112171837
3310	0.0
3315	0.0
3321	0.0005966587112171837
3322	0.0
3339	8.620457054984637e-05
3342	0.0
3347	0.0005966587112171837
3348	0.0
2983	0.000284780703579972
2984	1.7805392754914466e-07
2963	0.0011931393685068183
2964	0.0
3133	0.0029431446276354965
3134	0.0
3148	0.005478893411532664
3149	0.0
2505	0.0056084249540121305
1250	0.008256859265428242
3241	0.017963793225568646
3231	0.021115706143812755
3213	0.02248879005632535
2973	0.0027571248332014693
2974	0.0007612288445437028
2971	0.0010471680343937856
2972	0.0005978122463049486
2985	0.0003116999537096626
2679	0.019646006275441677
2681	0.035810400110016856
3	0.001197167716709733
2	0.0006308623826633323
1	2.4611138007274525e-05
4	0.001624235271936454
2982	0.0
3014	0.004295886923650068
3015	0.0
3326	0.001514986501506406
3327	0.0
3320	0.0027035054990784003
3319	0.0009576109098579477
3329	0.0019550532738081016
3328	0.0011452285186898446
3323	0.004109585035936363
3325	0.0
3324	0.0033782400181941005
3349	0.0035944234711183603
3350	0.0
3351	0.0034133652990916865
3352	0.0
2961	0.0030298750922143863
2955	0.0031962720269423047
2957	1.0340953955103253e-05
2965	0.0005966587112171837
2915	0.02914882999443816
2914	0.0029587721573115567
2916	0.001859843926851671
2913	0.028306248844296267
2683	0.0348653111729523
2685	0.03315943573801984
2684	0.00016280310195499986
791	0.021838408454347702
196	0.02202876809035248
785	0.0
195	0.018084029079562337
2328	0.012488600463896618
2324	0.024596578283413658
1888	0.025437092416197966
8	0.001198040090893647
5	0.001031008338203819
21	0.003349389616428385
20	0.003859728332022007
25	0.001346161804474438
24	0.0
30	0.0008076809918895982
28	0.0006211872491231231
31	0.0015632499455158864
32	0.00024476043889853146
35	0.0005095157816660995
29	0.0009641977803615273
43	0.003202205366610718
46	0.004133822619416998
51	0.0010852149162162829
49	0.0005895427639193691
58	0.0012849476962353236
57	0.002302571345973938
59	0.00036239566228283985
60	0.002361775708929176
62	0.012105842167783862
61	0.003670102059553987
66	0.03383655021025412
72	0.0009325886087630092
70	0.0032852475195673677
71	0.0013310774671544368
77	0.0016121455780228268
73	0.004550602256936816
81	0.0022706360576087866
82	0.001009896594576516
83	0.0012718209874323957
87	0.0025262953808893956
92	0.007208147119649786
93	0.0035653802673738075
97	0.005491919694908111
103	0.014064291706314692
99	0.009208624989434472
100	0.000922335513660157
98	0.001983710145002718
106	0.00029243030827927775
104	0.012574342159269496
110	0.00011302729455197363
107	0.006649971243817631
128	0.007182447990807535
116	0.003491596531612623
126	0.006598783307542024
120	0.015124337980447372
121	0.020794316121114667
127	0.007001822570550279
129	0.011422514652616162
130	0.006359198688269117
133	0.0043429844455591
134	0.011875437902761604
113	0.014601642410507782
151	0.0028397719816848008
11	0.0030273279305736834
152	0.0029711553143487563
156	0.010238894791667081
172	0.00833138485368054
160	0.004330698068721251
159	0.004405624915703494
161	0.0
168	0.0
173	0.003234354911756306
176	0.0017892639179413546
177	0.0
188	0.0026026320944385014
171	0.030423331371382638
191	0.0019902648669305138
105	0.017695170686298563
200	0.0020544120286458815
230	0.0022760967440301704
207	0.004580431246191726
209	0.003063464860373538
210	0.0026484584585455494
211	0.014965272973535655
229	0.0002081775759805659
218	0.002385210413448342
222	0.0028480426175690092
228	0.001159831898563271
232	0.00016255255093428989
233	0.00020756504761639696
234	0.0005819219622087234
235	0.0038571300988555594
239	0.0009312751174223599
241	0.009593200458082141
240	0.0016280217272173455
242	0.02643879270288578
271	0.030554517853373854
253	0.005214194498116126
265	0.01044411237453393
273	0.011420243890550755
272	0.03564119691718413
285	0.011786145933019824
277	0.03658843736996618
289	0.0012463619105542601
278	0.0022993361158091144
279	0.002210746856976493
284	0.0
300	0.016414362977670374
290	0.0031966601303542908
288	0.0015601110285213703
417	0.031225856683008577
301	1.8128433452039344e-05
316	0.01801214894744372
315	0.005693803869313947
317	0.002997822320953499
314	0.005664904247042299
318	0.004866383896575038
323	0.002017186838602518
319	0.00099880778449906
334	0.03021889971945472
338	0.006891408403314519
343	0.0012009682558191924
339	0.017010125400936757
2986	0.021190846394624423
355	0.04405690074651357
344	0.0009849571310250073
340	0.015075827096943462
354	0.014854471181261871
356	0.0009335866386023502
357	0.001215240285601104
358	0.002502792446742104
363	0.016110017984070052
365	0.00454288301673876
364	0.01849711318950121
369	0.00034181964786445196
379	0.003772222550936708
382	0.002544042117490866
391	0.002019839638249217
394	0.004829598836526101
411	0.003588275831815779
431	0.003279284667061707
418	0.0021376605656700065
423	0.0007984045371948591
420	0.0007016121799903467
427	0.0122746517776597
432	0.0013680292729718769
433	0.000280714898963947
437	0.000670982551386729
1181	0.00037735164319461573
1190	0.0021534367022504907
1189	0.0018116597691802928
1191	0.005612210702235544
1187	0.0024472615575436884
1193	0.005114669854625282
1192	0.0010255628692885526
1194	0.0007253454331599149
1202	0.027714539730675173
1216	0.005555719289232281
1215	0.003969635830225152
1304	0.0014323702355722133
1217	0.05885022402190743
1229	0.05335645128541628
1262	0.003927774708175061
1224	0.0027152612256545047
1225	0.0029512114850386534
1442	0.04646678749927439
1236	0.004529520168132982
1239	0.04714368815764238
1237	0.036019513350906245
1249	0.013925867969111862
1256	0.0035877443677860836
1257	0.0032833660934408126
1275	0.003393107942660761
1274	0.005194024321634414
1235	0.001316675028223772
1276	0.0046936815247017975
1284	0.004879416699936304
1285	0.005186021049662695
1283	0.0004631147560963016
1371	0.00014918199596661243
1373	0.00446052416490695
1201	0.010026697361103107
1298	0.0003602607759773925
1297	0.00039721662218456964
1310	0.014337286458328113
1300	0.002502008736095595
1316	0.004929132711430131
1301	0.003800890606111187
1306	0.0022284164140179866
1307	0.005854001843276153
1308	0.00887545753211545
1309	0.015468005221518777
1312	0.004632047134369635
1313	0.0240847504334799
1315	0.0037531321801028213
1317	0.002376973821067651
1668	0.0036695428774150634
1669	0.004891792202989792
1324	0.0010111543915620749
1323	0.0005933363170044018
1325	0.0003972950232704483
1346	0.021275179312804055
1329	0.011978336252618347
1331	0.010498853467769948
1332	0.0002874856906212201
1347	0.010099398138715946
1407	0.0050183502985299885
1352	0.000487384895003626
1353	0.00235421640977948
1359	0.003911340776572234
1358	0.0027152556907779723
1251	0.01356356086292244
1394	0.0071162004044035805
1360	0.0033132835121751944
1365	0.0022370555028570736
1361	0.0019461193835816882
1364	0.0014203103981138207
1378	0.03673485044845557
1369	0.0028114773797290942
1377	0.005161268767854372
1380	0.004288534786509772
1367	0.0018666973139096262
1385	0.015954226057847107
1419	0.007779787174912726
1392	0.008425157519437051
1391	0.0026465098723922283
1393	0.006627750884561404
1398	0.003258289507117157
1399	0.0014978316880172988
1400	0.00019869192286428244
1410	0.004497242792599334
1406	0.0045986265749241185
1413	0.009448028833506919
1412	0.004970350771919634
1716	0.01852827646149379
1420	0.00015995801795721224
1426	0.017581307591427873
1421	0.016533176869262235
1422	0.0006390391662714879
1735	0.02112752223986178
1424	0.0010557778434898306
1602	0.02363788568723051
1432	0.010468295222253067
1440	0.0021164893653180658
1443	0.030721034068849462
1463	0.013863917422415684
1438	0.0002661892623441084
1444	0.001028219308176405
1445	0.026681439847604665
1464	0.005039514876658279
1446	0.027126367707943556
1455	0.025841216315271136
1451	0.004864621991315672
1456	0.004714518218168342
1457	0.024504887699490246
1458	0.03694798691552576
1459	0.0020407355556836134
1460	0.005284549416057198
1489	0.007792081494724203
1277	0.021283692749756434
1473	0.01248809631252574
1468	0.003647282854267631
1471	0.0010446851501447255
1472	0.0011834003828210067
1483	0.0012599163807318283
1475	0.008999200266366459
1282	0.0006192534261649298
1476	0.0005339929863101094
1482	0.0012321934539781811
1484	0.0010147703859788874
1479	0.0009665550886500639
1490	0.0063360853087637194
1487	0.0011541083108311402
1488	0.0007271539177272466
1486	0.0011736807811160916
1485	0.001549016676781695
1493	0.0008486554490636121
1495	0.0006014939932976677
1498	0.0004413664640577089
1576	0.005486697678446308
1505	0.0038523590097770196
1500	0.010979581208821552
1510	0.04049521020527044
1501	0.03517844380169554
1503	0.005088985515370759
1507	4.953101872457006e-05
1514	0.0001929638650595808
1506	0.0002474908039829739
1504	0.0007904095291041803
1513	0.03942001667761533
1582	0.0024527025103083704
1630	0.0013197008487403367
1523	0.00347432466397374
1526	0.0017641262857080039
1529	0.0017145347745888822
1527	7.586602281456958e-05
1532	0.004047984592797659
1530	0.009279490364715455
1531	0.0038809716325664267
1538	0.03921982899853448
1537	0.00046423378847071763
1541	0.008145662482482689
1547	0.019861603252170786
1478	0.000760506139360861
1387	0.01062849933581867
1598	0.007889050735232155
1561	0.0002830830211115479
1560	0.0002243341516474117
1580	1.991975102805125e-05
1579	0.001866152783617754
1569	0.015462352268979311
1572	0.011733312554446656
1591	0.006541214548083827
1605	0.007973996685905087
1611	0.00174947253274102
1618	0.0014815442659482636
1592	0.006852526105846238
1631	0.0014177942969759419
1648	0.0022227820057384644
1635	0.00028001910305324406
1634	0.006470979837692718
1650	0.002406710131904844
1632	0.0013943435053087431
1633	0.000145350353422317
1647	0.05399683808223349
1643	0.0009363274736662783
1646	0.015565912777094595
1649	0.007083550675085961
1651	0.000294213084476803
1657	0.0036938514819306223
1625	0.00335996018152095
1658	0.0010111007941253644
1659	0.0032703652200139093
2017	0.009801079410768083
1661	0.01131807680550718
2013	0.00617226809537146
1664	0.09980204037435447
1667	0.0013778315326897
1343	0.006212172211735398
1670	0.001844836388375971
1671	0.0013550560488729349
1680	0.001310504926218317
1684	0.0005805931152508031
1672	0.010146643072706064
1677	0.020220682486319926
1697	0.025209645429788284
1685	0.014858909974597231
1688	0.04114805659467009
1686	0.010027191263046915
1687	0.02169412694631284
1689	0.03664228693907517
1696	0.00849807289102653
1703	0.0351931862973275
1700	0.023932719058648057
1760	0.0018136315605720636
1709	0.010166004490774528
1411	0.002942393450149243
1715	0.016400698231092296
1724	0.0010154164184143371
1717	0.0008569133749473523
1727	0.021335728893088747
1734	0.004722164744091123
1731	0.002749244309012493
1742	0.009637026805496978
1736	0.03509909151336534
1748	0.003537867239289115
1753	0.0023269108695016224
1743	0.003595583432226809
1968	0.023055299718215086
1756	0.0020109769936079583
1758	0.0037078890826368186
1759	0.0011274529352327414
1769	0.00314891773697816
1782	0.004336251622873264
1778	0.004415961250503951
1901	0.00180027139336174
1786	0.0006923556597336463
1801	0.0010578102909924413
1793	0.0034253475320702126
1803	0.0008174822353122405
1804	0.0029635607874479394
1991	0.002827128607199832
1818	0.004003283234541794
1824	0.0019099900938171087
1819	0.004084761200751475
1176	0.005356209100226093
1843	0.0010981177401750875
1834	0.04098893320059594
1712	0.007642842199601773
1833	0.012294060617930987
1830	0.026774132998739215
1173	3.5820671027150525e-05
1845	0.005017805784811796
1849	0.00047576172525182713
1848	0.010410249711055407
1856	0.0021617407450765474
1850	0.0008727953521422246
1853	0.0012827837479919713
1855	0.0015965055970060921
1857	0.00050373851621844
1858	0.00131226956712711
1854	0.0007946131281686778
1860	0.004687904589084374
1859	0.0010093015550865663
1875	0.007472493756497108
1866	0.005580744714923468
1867	0.0010444024206045475
1883	0.011302401604937241
1876	0.0032650027487362773
1874	0.0024610652346235885
1881	0.010757860427457284
1885	0.024483138292378987
1951	0.0030164486423357776
1886	0.01567116137408137
1770	0.000969331337202019
1892	0.0049037454758371025
1909	0.007815117662264759
1930	0.012332457204388518
1932	0.00467451014483686
1925	0.001285628334389312
1935	0.028230905008047636
1936	0.025242025498512472
1938	0.00564470474864329
1944	0.0010896062020946415
1945	0.0017714173051887989
1954	0.0009298375696207518
1958	0.002383465963277654
1957	0.0020665693560844955
1956	0.0032387265878865332
2350	0.004547716017996628
2351	0.004150158908537251
1960	0.012210696023496856
1967	0.05548302719236002
1969	0.05057810045011838
1980	0.03566871064322822
1975	0.0023884359483928937
1660	0.0018284852457485794
2014	0.002274783787678919
1977	0.004033970398051971
1976	0.001062336102485104
1755	0.02424284620088354
1995	0.0033080773556531636
1988	0.008738797305613593
1996	0.0007342177462924747
1989	0.0005910872471221345
1990	0.03674101420192036
1992	0.0029515271049335282
2028	0.03859097785913817
2005	0.0007694390156004007
2001	0.00145726033297905
2004	0.003090774246326361
2009	0.00523898576530135
2037	0.000997311659792714
2040	0.004574427239354393
2019	0.006540068901608166
2023	0.09101230179026075
2025	0.03763598640998141
2026	0.10915049059007019
2032	0.01455124891694298
2033	0.005731721479608671
2010	0.002677615212005225
2053	0.008647353728362324
2041	0.004544281888594155
2042	0.003096191186309175
2062	0.003413018036266851
2044	0.0007704267592273272
2043	0.0004512912121461705
2068	0.002533355019341616
2046	0.0007975705826774469
2047	0.00011782408165051017
2045	0.00042144338213017735
2067	0.0003997337735573376
2055	0.0004428785020350381
2054	0.008083629183925224
2056	0.0002481588853660938
2057	0.0005120721788505556
2073	0.008275820452130826
2074	0.0005722975589953601
2075	0.0004572227134936801
2087	0.0017523125394816857
2076	0.005260278143054531
2027	0.14195413541363786
2086	0.0002598112208869863
2085	0.0001741663048790961
2088	0.003278320804737322
2458	0.0002605164906269392
2091	0.011192087425999366
2092	0.0022844858771141037
2093	0.07394094421801976
2096	0.0011894356027283262
2100	0.02201218892193073
2101	0.01406962534385147
1149	0.017405486043254006
2106	0.02290657239044919
2105	0.05966169959487814
2108	0.05201744652731962
2109	0.02517727974356852
2110	0.02061893682883207
2111	0.026919157246435968
2116	0.015269586376693987
2163	0.02957284790299897
2128	0.006896274092105821
2132	0.006785426301539234
2127	0.002137578084488818
2131	0.0008077741228918047
2134	0.0012018111322138003
2142	0.007662780852520276
2141	0.0016519857578336393
2146	0.0016562468156367449
2147	0.0003429082552457524
2156	0.0006739332680905502
2155	0.0008180443074932643
2157	0.0005204936085803472
2158	0.00203790703091169
2162	0.029145369292932044
2161	0.03648188527723642
2182	0.017867259987828073
2181	0.008369933201835758
2172	0.00866624503010111
2173	0.007809536300323934
2174	0.0328996817119826
2184	0.025230809223857627
2190	0.037380037205030726
2180	0.029129562122548414
2187	0.011085888464657644
2183	0.02933385808755831
2185	0.004392369820784115
2247	0.0023403141922878406
2191	0.035433265538283236
2194	0.01687687603270709
2256	0.016062630599845314
818	0.053217097852704336
817	0.07876565564851519
2195	0.031131928056021448
2207	0.007760684566852587
2212	0.02432109785586399
2211	0.019758935692799986
2215	0.029708495049032748
2216	0.014817383196730196
2217	0.007568124410126217
2225	0.0022640143648469187
2226	0.0007914895939611092
2227	0.000859481433960458
2232	0.0015840443995313732
2220	0.0016177610657692979
2236	0.005661153773859084
2237	0.005431872012995039
2241	0.0033748610929455487
2238	0.004661086838472976
2244	0.0018561484987119055
2248	0.0076373629708335646
2249	0.003355259407148453
2261	0.002667082962149271
2257	0.011630514096935524
2258	0.009165378350249486
2295	0.004257751040928535
2266	0.010922167239464247
2267	0.0023800359456179116
2273	0.026061532372795824
2274	0.004369144877143434
2275	0.005673210077768655
2286	0.002000058311129006
2279	0.000463993880455033
2280	0.0004605851510017234
2288	0.002324198875922882
2290	0.01986043387862309
2293	0.01073104361690304
2287	0.016756174814553326
2296	0.018791107895441715
2297	0.0230360627937874
2298	0.001427070116850692
2302	0.00384272886578195
2305	0.0012194323254529455
2306	0.001874989797976405
2309	0.0016017213506811945
2313	0.01639768106788489
1862	0.02140364214984037
2323	0.004645852217222327
2327	0.02214683547587101
2329	0.062468016625397256
1887	0.03849826815059991
2330	0.023185700302970097
2331	0.002556749494543422
2335	0.010818454352630222
2336	0.013696918586302296
2338	0.002329758729706767
2337	0.00969856540885389
2340	0.009921099624352373
2341	0.0022171642656085466
2344	0.005936446922490618
2346	0.012370194160333628
2348	0.001447192215013209
2349	0.0031008352269068294
2352	0.00763963249752075
2354	0.00510202722037139
2353	0.06478821473622634
1964	0.04136284509156732
2357	0.040120183066306644
2358	0.0011973128387696686
2361	0.04369153975835154
2362	0.08016875063111549
2389	0.011329912907226524
2359	0.0027427407700381327
2363	0.04704723559303748
2364	0.10458487701973228
2373	0.0009262700523444718
2372	0.0010323220609782346
2376	0.002362551357335016
2385	0.04869075313593586
2377	0.036756963708808495
2378	0.0027412005806672474
2379	0.002599937964765919
2383	0.03481342405374772
2382	0.03529791735207151
2384	0.04212325646312514
2543	0.008241160863620024
2404	0.0022980862935343053
2397	0.0004797450055612979
2400	0.0006865562973773467
2407	0.0017840443930325746
2402	0.005058433547038306
2406	0.002518040005121441
2411	0.0013938727379687976
2414	0.0007521276743023803
2422	0.001068734129589951
2415	0.0005707862518146116
2420	0.0017715730158335305
2427	0.002751830627684986
2417	0.0005424911443836503
2424	0.0010982520182735542
2432	0.007171652929489423
2421	0.0010390380439158438
2428	0.0013607227033028888
2416	0.0005049721429288037
2429	0.0010389088513440973
2365	0.07058376671356621
2437	0.06965967733915301
2447	0.03607885693671667
2457	0.0008729691255225439
2460	0.0002610933365860498
2459	0.005552943628481495
2463	0.001128463520238623
2461	0.00046052150876299276
2472	0.0032924763317895055
2462	0.008890668715543771
2464	0.1171003388825693
2467	0.0011564151311556712
2468	0.0016174833908726308
2486	0.02200243382756929
2483	0.003676683404134355
2473	0.004243729825466451
2479	0.010680087354105857
2444	0.10400181068279489
2474	0.01003424209265415
2477	0.00173479691709873
2487	0.00353401550004041
2490	0.004489202438937748
2489	0.011048471716457986
2494	0.0011402815721099173
2499	0.0006083004182498536
2498	0.00043897548300059707
2495	0.008442594988561472
2502	0.005974628266062815
2408	0.00045129414560168694
2500	0.0005552304404765357
2501	0.0002245858849170565
2526	0.003566362254251521
2509	0.0018456999547793987
2517	0.01059174176517842
2480	0.008755008458532896
2515	0.0036267839653596496
2512	0.01099671678488241
2530	0.009655502945732777
2531	0.0032097882270941563
2645	0.0015710762375773742
2532	0.0017124557588914038
2535	0.013308099650175034
2536	0.003464060154525948
2538	0.000880403746829492
2537	0.0031742157066985493
2539	0.002231399964261817
2540	0.001406445688632958
2547	0.004368506244107123
2546	0.0008906918306487121
2549	0.0014447054807334284
2550	0.0
2548	0.0035356471123178606
2551	0.0013415233122969496
2552	0.00046517317290456023
2553	0.00061232395783333
2561	0.0003828921178416475
2556	0.0053782412485674225
2595	0.0011839974059873228
2557	0.005243318443925112
2564	0.002820273948209361
2563	0.004849153420351344
2565	0.0029603275000507447
2558	0.0015624039754337281
2602	0.0015898075926432434
2572	0.0014288836567284836
2573	0.0010935589151582926
2574	0.0004618656206428272
2581	0.004902523434087043
2582	0.0058613390294854194
2580	0.006684282377017054
2587	0.004372975361452541
2571	0.0025575411786037477
2593	0.002171624843881187
2600	0.017114188837094545
2601	0.015561556854134795
2603	0.0017619866606290676
2606	0.005747785152509035
2609	0.00267806137973161
2610	0.01771913186490847
2615	0.0016123783430541517
2631	0.024243218030574793
2628	0.003852719027459458
2803	0.003437893347501305
2630	0.002660570806856301
2506	0.0056765718901260875
2633	0.002270671976890935
2636	0.0011969291597161494
2529	0.0014197680392379498
2640	0.0013812127536860304
2648	0.007974223429327569
2654	0.002884336917082974
2655	0.00393309226759636
2656	0.002306493144173019
2622	0.008807141821246374
2657	0.004758249142445097
2658	0.004851969987460584
2660	0.0020219013067837173
2665	0.0012680596096449272
2670	0.003801813848108629
2675	0.02088082509119078
2678	0.010105546946821985
2697	0.0017892639179413546
2698	0.0
2682	0.00244415636777317
2687	0.0008300479180424214
2686	0.002213416209295257
2692	0.024156135092916878
2688	0.034694302232401004
2691	0.006706649902220349
2702	0.0006411688835310593
2701	0.0014000724144831145
2294	0.017565245209907026
2706	0.01021451572253541
2713	0.006872139727363987
2720	0.0002813601704811064
2721	0.006232587058800648
2728	0.0007114785101929559
2727	0.0008366923597448356
2726	0.0032266976802986466
2733	0.0023368663852578867
2705	0.004598853486093061
2738	0.004322512951320818
2751	0.0019160471236021636
2746	0.00302054294538278
2747	0.0003485810485408609
2750	0.0028473729091257434
2752	0.0020303827538862276
2753	0.0009966962069695247
2754	0.005653491733642124
2755	0.0013276691567745012
2762	0.02520028990368259
2770	0.0021268866245381917
2769	0.0037519364221273613
2771	0.0009800446264814915
2772	0.001523610133903456
2777	0.000632421101103751
2779	0.003912268340795682
2776	0.00165369238042049
2778	0.0027102542801146286
2787	0.0023517717112531513
2897	0.0017583144579622287
2790	0.006074807555297192
2788	0.003241131499560196
2789	0.005666373667275439
2804	0.0033908159188801115
2807	0.0018504122318917311
2813	0.024667791156691786
2808	0.0022937133115908
2812	0.024805047514451454
2817	0.002359483672724617
2831	0.0019669398413214778
2832	0.0014721257973282459
2845	0.0019781421838549816
2851	0.000669214544659731
2837	0.0065778948050432585
2834	0.006796958790984062
2673	0.008402374281060021
2841	0.008035229732398794
2672	0.006694985562330478
3330	0.0
2844	0.004326715438585736
2863	0.004303152565991737
2864	0.001798342238424865
2887	0.0012171971390588846
2867	0.0019561343428847085
2869	0.00016176766735194237
2870	0.0001625875577668662
2791	0.0068671278228996475
2871	0.010720828425236858
2875	0.007035059337355764
2883	0.0022053317129604776
2882	0.001383579202516676
2888	0.0028477542171184184
2889	0.0009684635394250241
2894	0.0015939815733161267
2934	0.0011011875906523723
2903	0.0022742383298371555
2902	0.0033827342276886055
2904	0.0017981301007564709
2905	0.0008244384457214166
2906	0.0014680571982191308
2909	0.0017521650271028093
2910	0.000526964665264042
2911	0.00010297369241847913
2930	0.0004642789256835198
2912	0.0013403497788472473
2918	0.0027693657414049034
2921	0.0012063795074838141
2922	0.002556801127489067
2923	0.002101140820778213
2924	0.0038581003346016976
2917	0.0
2925	0.0063968034994196935
2928	0.003913630854157902
2931	0.0015311476396486425
2935	0.001087369501139102
2938	0.0025445606390219282
2948	0.0022977320754470035
2953	0.0239043059257942
2962	0.0
2966	0.0
2970	0.013115160151778745
2975	0.04452002035539336
2978	0.0008755848120724803
2979	0.0074476480050534475
2987	0.016385479353422203
366	0.03398218356789544
2995	0.006114318420858471
2998	0.0045947994980533756
2999	0.0038091024713816325
3000	0.003753160312633564
3001	0.003205157422625502
2994	0.0014612248335979072
3002	0.0036149477502343723
2996	0.004771404030260298
3006	0.003793200609626099
3007	0.0014610515534646317
3011	0.001002644026162891
3004	0.006776893142814207
3012	0.0019143511136523225
3016	0.011395749531040727
3018	0.003901406078016363
3021	0.0034275944729542603
3024	0.008320950092660885
3025	0.008790281790843056
3028	0.0026393774496242294
3029	0.00863226182857137
3038	0.0019723805175537136
3044	0.006495120885681936
3047	0.003345400082655414
3050	0.004978084018966654
3051	0.002414981525788811
3045	0.010386829328532566
3046	0.008789996895982395
3052	0.0015666066890689817
3055	0.007930525181088914
3092	0.0016007230496980743
3056	0.0008982480246241733
3057	0.0008318020614950477
3060	0.0013090408042756053
3061	0.004032082652849098
3069	0.0
3017	0.012353500829698582
3068	0.017864932205036644
3071	0.0022742887293569557
3072	0.001959804863501652
3073	0.0029477146142014646
3074	0.0011929613145792693
3077	0.0009388121226792175
3078	0.007147293896295378
3079	0.01166058507551474
3080	0.014881041464712955
3088	0.0028069077545385844
3083	0.00415419548820427
3099	0.00124190308883219
3093	0.011117980805345127
3098	0.03400327681607347
1644	0.0008006288675943745
3100	0.0009755397421275731
3102	0.000721842743748979
3094	0.01139656533729562
3105	0.044112439249092535
3113	0.03371085771509255
3108	0.03227763565484783
3111	0.00479513034974174
3112	0.047376155059795616
3109	0.03369233607633106
3121	0.006492750425611182
3123	0.004488355287037037
3124	0.0005277276395548249
3122	0.0008809779229212593
3125	0.004912546265240669
3128	0.06944963293848687
3147	0.05188526904722486
3139	0.0065976187443707885
3144	0.004796796035677826
3140	0.0011929613145792693
3145	0.006442814771107958
3141	0.004255171373126743
3155	0.05133672235954004
3151	0.018216126730256865
3150	0.01871094244091365
3211	0.003396002161653051
3154	0.02829280965036523
3070	0.0014142491480833752
3165	0.0
3146	0.002302966811063374
3169	0.002585581936283738
3318	0.0017564216831860188
2471	0.0016651271924018518
3177	0.0012337286976419311
3176	0.004286708694208728
3180	0.0009747016088779002
3187	0.0013067437704946954
3200	0.00014366963476569728
3188	0.001851818908529974
3190	0.004290736164984739
2491	0.006485666333062225
3189	0.006073084497314398
3191	0.001222257671459997
3199	0.0026728996937733854
3195	0.0009617369680042653
3218	0.0037948107320085888
2521	0.0022770149946537118
3219	0.002025782660081667
3201	0.003525246971562477
3206	0.0056731709106010485
3208	0.00034868481763477356
3207	0.001202553140851624
3209	0.0008518580194529196
3210	0.0028767869633860525
3214	0.0015207296052071283
3212	0.0011931450972750527
3215	0.0033879741794683362
3220	0.00273770115990951
2525	0.0006843453691832184
3198	0.0012631583601264197
3224	0.0007027609348801582
3234	0.005118305419075818
3233	0.0021573738260698217
3235	0.0015561073443640912
3237	0.0008071064536619598
3236	0.000986245742384596
3242	0.003926397914240485
3243	0.001784408597698443
3252	0.012976457564360337
3256	0.016364771819310366
3313	0.0
3306	0.0012502921802476023
3269	0.002105950839982354
3278	0.002239381897467258
3281	0.0010182091390948617
3286	0.001733834965131221
2674	0.013667344680779925
3294	0.004478710706937977
3295	0.0017521865747183402
3289	0.0026024941693306505
3301	0.0033421668224553227
3303	0.012284010591001171
3308	0.0015224600813143112
3307	0.0013505861053743524
3311	0.0027625361195265452
3332	0.006137830383275742
3314	0.01020988750190056
3279	0.004838546192342689
3331	0.0
3334	0.0023006538180643907
3346	0.0032772262995844547
1544	0.0014905640416970859
2392	0.002341542529814949
1542	0.001171121203766202
1543	0.003495154474286891
1545	0.0022237355761823958
1562	0.008253777071357823
1539	0.0011519099712845485
1430	0.0012318275988832416
1555	4.41355724265165e-05
1556	0.009333434755172397
1595	0.000907904456664687
1559	0.010002722433945217
1548	0.012875504028011962
1549	0.011202473761753314
1553	0.0016534895821124081
1374	0.0031192324322310777
1286	0.0003359821278441883
1281	0.0003506901855333335
1390	0.007183598164673793
1231	0.0009255222881888982
1287	0.0039117071028912515
1744	0.0005918057360498215
1740	0.005035128594040909
1741	0.0017227222578088625
1221	0.0007382878728549154
1234	0.0024344115671936176
1271	0.0021500573689208994
1792	0.002986107096262265
1789	0.0020366526712620554
1270	0.0008980988471762488
1790	0.00044972603373255707
1802	0.0004994366013647511
1757	0.004551359852141786
1898	0.003556313297466899
1900	0.0023392246755065513
1261	0.030918709383390707
1258	0.00031617192424095153
1779	0.0015829139057132278
1771	0.0007380941867360101
1777	0.0021942388224277564
1907	0.0022943095075737135
1908	0.0005004154463707489
1895	0.0025560765463008028
1894	0.0008689668007877405
1896	0.0014341148218295673
1910	0.0024784118094662573
1243	0.008384628979320512
1911	0.0011633874194474263
840	0.005348103653027198
883	0.0005390658221300428
1112	0.0007872524056756295
1334	0.0005420507845596084
1328	0.0007095463978551279
3259	0.0029712784760807234
3260	0.0005449541622590794
3262	0.0033102287406203837
2533	0.0010126079489632366
2522	0.00045070978248313247
1536	0.010488412645806236
2516	0.0005506273861893354
2852	0.033621639480873884
2853	0.026269247080970934
2854	0.03578653146063723
1462	0.004594510319913722
1623	0.001497811738580866
1612	0.00037142338698809496
1613	0.0005397468468272325
1621	0.0011450063683898558
1583	0.000977464382428733
1584	0.0008239652347653567
1585	0.007259947882450366
1587	0.0031652044559587816
884	0.0009432456121458698
445	0.03974110709946838
293	0.0792447473953276
294	0.09470143314921824
375	0.07612838491678117
141	0.006552989147194268
142	0.0020442976899764254
139	0.01505919973113722
140	0.01935145337747459
376	0.09535280463877899
1223	0.0010465566222593646
1279	0.017481743475965206
1252	0.025331230123261404
1253	0.03080357601648867
1238	0.0015468942023320678
1263	0.000410538691635355
1264	0.00039560167747060976
1267	0.0009238236977742711
1269	0.001585164223063376
1268	0.0015831546177440142
1278	0.002889879636500639
1280	0.0011727843973496164
1366	0.0011079431179586905
1327	0.0008503104065364011
1341	0.0008243261806681636
1368	0.0021411415811388545
1379	0.0002248808456469865
1372	0.00037547538490608764
1386	0.0102113753386745
1397	0.0042434282477198295
1423	0.0002631624674975371
1502	0.008994295118465655
1551	0.0015241695341929496
1552	0.0006692172387836625
1546	0.010230126760241794
1554	0.010107381194592945
1550	0.006527669687360378
1557	0.011341088722174746
1581	0.0006528723104182192
1588	0.00421436346289074
1534	0.007993821752845253
1701	0.0034619593979682817
1702	0.003207284232183179
1704	0.0003996572147213809
1733	0.005831330438916803
1808	0.0008130591052870049
1815	0.0034762404091272766
1928	0.003411033916717586
1880	0.024827514373986375
1906	0.0014001189455035178
1809	0.0035137860200005547
1924	0.00010538963230707668
1997	0.016546680065377246
1998	0.01848516191504402
2332	0.0019382404760913859
2390	0.0008415990220110869
2391	0.0006870525443855753
2518	0.003821728388827467
2519	0.001088073824321296
2523	0.00016469531727981336
2855	0.03593180539724054
3263	0.0008071060429859369
3353	0.0017894733847703588
1222	0.0015075415887584609
1913	0.000584867909513562
1914	0.001125653357846059
1882	0.015859070802316657
620	0.0008668606958528853
1330	0.0027047898661930526
1528	0.00038629505210380325
1610	0.0002491154990642224
1305	0.0026006359667281537
1333	0.0018835468705218422
1326	0.0031756255417895673
1336	0.0018171478998777195
1405	0.0008543786842552394
1540	0.0004315473064387983
