Node	BetweennessCentrality
0	0.14496991836509301
1	0.029978515477085427
2	0.009787688212054689
3	0.030586144762059182
4	0.00708794511185237
5	0.07057629760596569
6	0.0548715409917757
7	0.07313071048055306
8	0.07219555556822452
9	0.015116405399248958
10	0.04845846203859426
11	0.01517518736100202
12	0.03924140218659202
13	0.020262832442133585
14	0.01954324245923374
15	0.01268721574189555
16	0.039960993805027364
17	0.024855464682468346
18	0.040994836135135417
19	0.016514526148136786
20	0.020459090337436394
21	0.03692696095253837
22	0.008368370587743085
23	0.021865005867370717
24	0.014431438805519878
25	0.01730954445189563
26	0.004239854962725824
27	0.006562062293196488
28	0.002079406921118448
29	0.01138625396719398
30	0.013182947430629253
31	0.004005375635138329
32	0.011957260401836792
33	0.002997948357755506
34	0.016274954864881515
35	0.005994482593917552
36	0.004347023850750358
37	0.02491074043283684
38	0.010770465598205721
39	0.004295734994940385
40	0.004494687689874435
41	0.013631429255806347
42	0.009431707914219968
43	0.0016400384237587706
44	0.00142197983340647
45	0.005601520420173431
46	0.005754901988180617
47	0.002177065019296853
48	0.002757602110072292
49	0.0018904087397653578
50	0.01077933259216439
51	0.002197876151012067
52	0.003981062762754193
53	0.006659143467838132
54	0.005424478693712392
55	0.008457074663835528
56	0.007362430915791451
57	0.004925613706284647
58	0.005375275088702116
59	0.007980070823463475
60	0.0035039923293420203
61	0.004691176913034369
62	0.007382203266553408
63	0.0011712548885961253
64	0.0020209204035212657
65	0.002992853340530007
66	0.004245696621264407
67	0.00513716348531344
68	0.017737277655092237
69	0.0019802464242070564
70	0.002821599093353362
71	0.005742969638344772
72	0.005226320784818262
73	0.0075242206679349095
74	0.013514448970945139
75	0.0037209635694552103
76	0.00392615225301014
77	0.003665667669692504
78	0.0055053823524309755
79	0.0037850135405427705
80	0.003990599620120172
81	0.003899592462018176
82	0.006550230272293544
83	0.003058009798204584
84	0.007808007034113979
85	0.005713572674346991
86	0.003026039858772196
87	0.0013637751703363785
88	0.00300363499722512
89	0.004302252003951021
90	0.004202572634098591
91	0.002148313895078629
92	0.0024813993171517645
93	0.004646891421336167
94	0.004959682652112825
95	0.0017733032666082242
96	0.0013345170751474327
97	0.0010379306503552697
98	0.0025910805752152105
99	0.002628824872108027
100	0.0013973403891563063
101	0.0030413123057769216
102	0.0013942433322045313
103	0.0021023667406868023
104	0.006632314107902233
105	0.002674470466248459
106	0.0023631899868452964
107	0.0024142412689016524
108	0.003453419650230218
109	0.000837644748521906
110	0.0019510403229403028
111	0.002135750564553654
112	0.005893049930572757
113	0.006703944065791278
114	0.0016427491819179056
115	0.007657545395021847
116	0.0034944974052710494
117	0.0003599897399764752
118	0.004923821643627456
119	0.003865690211950058
120	0.003451132172852039
121	0.0011769495114115874
122	0.002986658897867274
123	0.004552196904242432
124	0.0016559697963916395
125	0.007497634308547977
126	0.0013703468892900606
127	0.0014386709515952635
128	0.0016208744537480997
129	0.006592427076057679
130	0.002242780963383875
131	0.0007873191716663331
132	0.00045483534079039715
133	0.0024119050828867172
134	0.0028220904354657366
135	0.0010327381095374326
136	0.002597674668196023
137	0.002459594938960492
138	0.00018840969007249882
139	0.006012828365779071
140	0.0057511048057956845
141	0.0015525393843424504
142	0.0054361439435380585
143	0.0031465342656174936
144	0.004124981909106593
145	0.0034911582139916545
146	0.0029892038754706705
147	0.0008519717928454747
148	0.002318355595123028
149	0.004021757324586636
150	0.0038032622258119906
151	0.002956996041488555
152	0.0009359316918984189
153	0.002332275677217982
154	0.00231177529951941
155	0.0010883468846516638
156	0.003006804555952031
157	0.0008224582788320009
158	0.002882263719501879
159	0.0005497510758508146
160	0.0007258801484042726
161	0.004755712209415763
162	0.0045551827493056675
163	0.001692857514838665
164	0.0017235537307915725
165	0.00321486210748654
166	0.0035502552363332472
167	0.005444743299017924
168	0.0012438463712575014
169	0.003224219537945172
170	0.0004134849084355888
171	0.0017051756844442293
172	0.0018078768904976068
173	0.002594710263103224
174	0.0034560486460939043
175	0.0022832646246221935
176	0.0015651751903344576
177	0.0035453154718919073
178	0.0015381080047076633
179	0.0033048778119369065
180	0.006583272985644433
181	0.0014572886286429436
182	0.001370881065106487
183	0.008001764708428637
184	0.0007850238548417039
185	0.00040460358463563327
186	0.0027517536731992234
187	0.0023259800010971715
188	0.0015321168673165155
189	0.000966116726929428
190	0.002050460664321062
191	9.68921898730941e-05
192	0.0018649217871958023
193	0.0006307648480611301
194	0.0036599237492140817
195	0.0032659270125581664
196	0.0018491763294789677
197	0.00018138693330381969
198	0.0021209686262865478
199	0.01108514050120809
200	0.0051138156955230635
201	0.003121425887825365
202	0.004272962358864329
203	0.0026346902209638547
204	0.0004208954917485379
205	0.0006296269418764487
206	0.001878531540001828
207	0.0016439725040395736
208	0.0015461097166625999
209	0.0009801004079965034
210	0.0011151596192710107
211	0.001508684326992926
212	0.0006517724871225765
213	0.001883914840885079
214	0.0007958859059663954
215	0.004424143118920347
216	0.0019091494161277128
217	0.0015360772805746877
218	0.001419973116833946
219	0.0004082103102792569
220	0.003344781378640825
221	0.0009252536535991751
222	0.0018935792015745004
223	0.0027471164074978193
224	0.0016258685231892328
225	9.096505978864611e-05
226	0.0005921308147298901
227	0.00678980036599613
228	0.0011192204508078932
229	0.0009696926150561126
230	0.0006257419045045041
231	0.002403546692014918
232	0.00028144473789067743
233	0.0016885932425441514
234	0.001743937829022217
235	0.0008196627204601487
236	0.0008520663517337358
237	0.002033541246310836
238	0.0005373847135795391
239	0.0005100639442399536
240	0.0018827589802975389
241	0.001559672024536305
242	0.0004883412422380414
243	0.0018879683561628681
244	0.0007729041030071048
245	0.0031597299598856193
246	0.00045219184823865017
247	0.0012732537825608996
248	8.208126782244275e-05
249	0.0002559930403551189
250	0.0020697109434488666
251	0.005326579668034543
252	0.0023309057803177833
253	0.001976206246694199
254	0.001715041742894303
255	0.0004921158414827004
256	0.0026873115954883283
257	0.001596093228830559
258	0.0009029634792723376
259	0.0009830396768310487
260	0.00058510556431213
261	0.0034554045923003464
262	0.0007367813540677311
263	0.0029805073629204557
264	0.0004839535514694815
265	0.0003408731983870784
266	0.0019091601746949666
267	0.0006824504614507024
268	0.00012868376919703022
269	0.0004760501075941784
270	0.0007822142583953332
271	0.0015352884820244155
272	0.0013655551834593793
273	0.002123419639955093
274	0.0010851244817855178
275	0.0014630915812710317
276	0.0002713775494481043
277	0.000868633115161559
278	0.0019097602693442508
279	0.0015699389750861608
280	0.0008556697300324093
281	0.0026754667604990488
282	0.0018301412865186371
283	0.0013745770697642552
284	0.001358989164607559
285	0.0009641718515990662
286	0.0018136832596898171
287	0.004969833490527947
288	0.001307278155897311
289	0.0005596946406853428
290	0.0015692973472717679
291	0.0021314311429275895
292	0.00026024469134504395
293	0.0020688565521642826
294	0.0012955531834490791
295	0.00047932229722851536
296	0.0032109443136243195
297	0.0031648094106955004
298	0.0011844049708574255
299	0.003491535086649121
300	0.0011450624663063625
301	0.0011655071162964049
302	0.0012997590004579665
303	0.001868284146682317
304	0.0017265800147901046
305	0.000393875698835607
306	0.0011057696436953326
307	0.0006186787617227929
308	0.0009040288456502924
309	0.0051654501076114885
310	0.0010775399871974392
311	0.002358585359905001
312	0.0006100940005707911
313	0.002120603757012736
314	0.0007446884724329794
315	0.0014404690403679507
316	0.0006997196110824996
317	0.001022581647851687
318	0.001959308237394608
319	0.003066191527506943
320	0.0003997645523673529
321	0.0004886881740261172
322	0.0011181162138007175
323	0.0014316939464795618
324	0.0006072036567623298
325	0.0023215807916524057
326	0.0012244966377494347
327	0.0007162437508774594
328	0.0008279057100271598
329	0.0007755085043531824
330	0.002332313803821489
331	0.0011740858885151103
332	0.0006206979786186499
333	0.002794309118413887
334	0.0009870126357387993
335	0.0007321099550633319
336	0.0005084449545095508
337	0.0022538696372971286
338	0.000824972694403269
339	0.0025364419109811524
340	0.0003600401715635676
341	0.0018720405420390232
342	0.0011595361771928865
343	0.0016835317260357001
344	0.0021044136435209586
345	0.0005220139025193418
346	0.0016388977588714863
347	0.0003891334550810148
348	9.341230863919769e-05
349	0.0015551022962903259
350	0.00037225216936570126
351	0.0004968617123759002
352	0.0007141109044646785
353	0.0007863094566621541
354	0.0008729351404868115
355	0.0007201011766614913
356	0.0007591538414409162
357	0.00027309051016121663
358	0.0014441315110233755
359	0.0017700384521375913
360	0.001112396689142179
361	0.0010328196576891823
362	0.00017835038113278129
363	0.0021018651461009777
364	0.00031587741286618243
365	0.0009362896834979741
366	0.002241941824871372
367	0.001040290779889462
368	0.0005040688433383306
369	0.0007088947291652187
370	0.0005223508004568414
371	0.002457961914609491
372	0.0016836373292043484
373	0.0005384378965627587
374	0.0004396113384725865
375	0.0002830957226665499
376	0.000157687615063768
377	0.00017327922273456637
378	0.0027704250202686
379	0.0014276614076716694
380	0.0015359403455966693
381	0.0008307997495088225
382	0.0004639562373859288
383	0.001367370439000392
384	0.0031969983143725865
385	0.0016272469371909758
386	0.0012962217144949848
387	0.00026983541267576786
388	0.0014465390828674344
389	0.001615236701555338
390	0.0008343169398635771
391	5.522606949328329e-05
392	0.00202528716418398
393	0.0010024503014481184
394	0.0004978505075200949
395	0.0005794379923849127
396	0.0006500657437747934
397	0.00042573660279578433
398	0.0004622198481033267
399	0.0013901359500091835
400	0.00045700743627940605
401	0.0017017812507763564
402	0.0007352995239544181
403	0.00023769416413636335
404	0.0008681786250103473
405	0.0007442484538582138
406	0.0005542646875493304
407	0.0008545497865989611
408	0.00012064284445251556
409	0.0012410093941836319
410	0.0004905142124718098
411	0.0019959645881113025
412	0.00042246150675174994
413	0.00017743711142398515
414	0.001032599292578297
415	0.00043677017820912867
416	0.0009881260186924156
417	0.0012368492527597337
418	0.0008148729942633619
419	0.0008653527077264552
420	0.0004897099006523862
421	0.0004093418058693734
422	0.00039742706362015727
423	0.00018602130974659832
424	0.0007208873913494485
425	0.0004895908979564025
426	0.0007702832734390982
427	0.0008337242535946286
428	0.00036022045554853766
429	0.0026139871526590923
430	0.0007801318527941979
431	0.001291882183436831
432	0.0003378661513013373
433	0.0009278085532588917
434	0.0002777105358795426
435	0.0008299749106662075
436	0.0006985157776832408
437	0.0023238418350478973
438	0.0007707514599652072
439	0.000437657615372243
440	0.0005746246978747124
441	0.0004480228844850323
442	0.00026248144380607285
443	0.0011902569385854695
444	0.0014322163995314594
445	0.0001613228561943886
446	0.00020723971798794008
447	0.0003748180440364934
448	0.00039707505693035105
449	0.0002736365566474747
450	0.0008576200709733002
451	0.0009316939102826506
452	0.0010621553619090268
453	9.584117363321922e-05
454	0.00042716916711354834
455	0.001229152157534459
456	0.0003821602323925334
457	0.0012100680313302035
458	0.0026061912878835797
459	0.0005197579534166499
460	0.0016809075160374727
461	0.00028119726444355485
462	0.0002221361507038443
463	0.0003324044530160632
464	0.0006748060795891027
465	0.0012804960500895045
466	0.0006614310569102796
467	0.0006807882873461487
468	8.185729573158072e-05
469	0.0019410118605244233
470	0.0004227378920840474
471	0.0004977063729897067
472	0.0005917598898115538
473	0.0011459173489755817
474	0.0018117010284363448
475	0.0003909320271259464
476	0.0009840384908173234
477	0.0003103456534948096
478	0.0005660240651801926
479	0.00037377384220534733
480	0.00047900372030149606
481	0.000554749760661244
482	0.0010755263123466334
483	8.196067741574762e-05
484	0.0012979656067797314
485	0.00044289015431270593
486	0.001283944174775123
487	0.0010939937730906574
488	0.0008193364284359338
489	0.0002969983086922147
490	0.000507173073482693
491	0.00032272322125915
492	0.0009173316004715395
493	0.0011609195465359752
494	0.0014561135402141523
495	0.00044887146738651235
496	0.0004714431173378099
497	0.000184553877104308
498	0.0003706978402729378
499	0.0029300426095253277
500	0.000296307653316783
501	0.0004844692024895398
502	0.0013732147375129684
503	0.0006833296593864356
504	0.0008103286235289863
505	0.0004035354913344703
506	0.0004234927615776761
507	0.0002298050341625627
508	0.00046285924272017543
509	0.0003604352311536054
510	0.002658754098252221
511	0.0007685529425067514
512	0.00011390181448738476
513	0.00036258502578682554
514	0.0011762545686484663
515	0.0005368753601095434
516	0.0006658163894179548
517	0.00036127457370387626
518	0.0007878442755235373
519	0.001252634918167663
520	0.00016898519387677972
521	0.001295422252066206
522	0.0008695705523168999
523	0.00024234581078043323
524	0.0004397799296229183
525	0.0005962925868988566
526	0.0005259792047572257
527	0.0003827033785784194
528	0.00042141357669511623
529	0.0013973359764011101
530	0.00023575460093582304
531	0.0013232302551496745
532	0.00029642420503345115
533	0.0011815254864196148
534	0.0002488436987774163
535	0.0012526819069935496
536	0.00020897033332422675
537	0.0016634260650053156
538	0.0005852968607046105
539	0.00046099958945471477
540	0.0007519230785925778
541	0.0007503766718266438
542	0.00030264705240892493
543	0.00019963661825249255
544	0.0005807728619468259
545	0.0003688108866748315
546	0.0007907447377679448
547	0.0002735694628087054
548	0.0006779641057141551
549	0.000479903891596979
550	0.0011452325756396023
551	0.00042439830692981916
552	0.00033210256196445866
553	0.0008440991902608308
554	0.0009962582766980573
555	0.00033341955868078257
556	0.0017261733439358701
557	0.0002249197343019807
558	0.0002548709956365665
559	0.00029911885660750695
560	0.001739357275123909
561	0.0006220901906097718
562	0.0003254337584766121
563	0.0006143337813072965
564	0.00029980197810047484
565	8.13007528603175e-05
566	0.0011589783042179696
567	0.0012021417354694678
568	0.00037260523553201346
569	0.0007106484663812238
570	0.0017842508799778224
571	0.0008443740019439378
572	0.00024060798721835122
573	0.00046261575160539304
574	0.00020648183039117458
575	0.00048704246250785713
576	0.0008368921756574488
577	0.0007709754880052651
578	0.0001282237314046035
579	0.0003111872784929798
580	0.0007483745618214388
581	0.0005867922515729173
582	0.0006597519280034562
583	0.00041331455202467306
584	0.00024486192959536425
585	0.0006408420394535491
586	0.0006485911790268625
587	0.0017179910632263277
588	8.205348994425672e-05
589	0.0006491245061324171
590	0.0011307513063799732
591	0.0006505571490499087
592	0.00021674106021207142
593	0.0003777771195195541
594	0.00019848043697842898
595	0.0006866755260913456
596	0.0001124825931833778
597	0.0005270917642718107
598	0.0005489903066306968
599	0.000897544446514996
600	0.001402569003176328
601	0.00048115246296924545
602	0.0001560886256205856
603	0.000582392074206145
604	0.0003029450316476174
605	0.0002672689709777634
606	0.0013871194265724094
607	0.0003933328181601825
608	0.0003080269095633712
609	0.0006378910612059036
610	9.126082772783567e-05
611	0.00022376092723914678
612	0.000855269810203381
613	0.00021286126825986938
614	0.0011198334614209147
615	0.0007939045289798662
616	0.00016231902674127428
617	0.00030350635414645575
618	0.0004895573004391353
619	7.493329245677982e-05
620	0.0006950723858947511
621	0.00022906908092030516
622	0.0004363582781102351
623	0.0004324297427184319
624	0.00019789417792492935
625	0.0007346938750743902
626	0.0003750257921712658
627	0.0004459848581054436
628	0.000381586889505861
629	0.0009945589124588968
630	0.0002761831594759675
631	3.296430838080213e-05
632	0.0007297774049567647
633	0.0002777445215582373
634	0.0007536043265041933
635	0.0006403167995255753
636	0.0002752710376368106
637	0.00042528987995461327
638	0.0004561718329971078
639	0.00035827324936041897
640	0.00022264343319279288
641	0.0007763024389832418
642	0.00010540701544298236
643	0.0012716991765734165
644	0.00038322827488899866
645	0.00023770402877313612
646	0.0012258724669469813
647	0.0007222472873484994
648	0.00024329209649083189
649	0.0005761421870398879
650	0.0013281667490910056
651	0.0007522331579087501
652	0.0021781420078326587
653	0.000593330462178265
654	0.0006988941003224266
655	0.0004440400791522528
656	0.0006913045474659687
657	0.0008562657352519103
658	0.0005311069054892885
659	0.00039712338522379713
660	0.00038865178877401583
661	0.00020238108045812192
662	0.0003929862557600038
663	0.0003787424577026551
664	0.0017157923309897842
665	0.00029362052366255253
666	0.0005459109569868872
667	0.0006081154262662789
668	0.0005344271244922206
669	0.0006642151694016969
670	0.00028116008197063777
671	0.000161379949875802
672	0.00021440383751931424
673	7.530231590916174e-05
674	0.0003100416001809194
675	0.0005263122960161773
676	7.259765383126365e-05
677	0.0011279718844174778
678	9.473765908340788e-05
679	0.00010534205870788508
680	0.0010433503121316796
681	0.0005687898062955355
682	0.0007712529329169856
683	0.0004825077365739696
684	0.00033701988394439027
685	0.00011495482592333814
686	0.0009266708723213823
687	0.00022363402818113498
688	0.0001410183335919526
689	0.00011860650348219183
690	0.00014353323733651505
691	0.0001545663460396255
692	0.00043832362776835196
693	0.00015671136472011733
694	0.0003945729915938354
695	0.000853722035511487
696	0.00028502617456400373
697	0.00041149293960159
698	0.0004497461172474022
699	0.0016677552168384005
700	0.0002674290534066732
701	0.00038851168959720775
702	0.0003424369823416361
703	0.0004271786444296191
704	0.0005385656238874012
705	0.0015442457836877758
706	0.0011245270173849168
707	0.00026944643173487865
708	0.00038595569250442257
709	0.000320100630755805
710	0.0003575768490538355
711	0.00010819079757096215
712	0.0007254998860873968
713	0.00010229335144554497
714	0.0003246563677887879
715	0.000709339458678853
716	0.0003318872378671476
717	0.0005768860848064738
718	0.00012748136131876962
719	0.0001709372560399525
720	7.481225412732921e-05
721	0.0012607496500536464
722	0.0003073083729401459
723	0.0006837159871829685
724	0.0006417131638041025
725	0.0006772119265354084
726	0.0010575140605785728
727	0.0001360042912884922
728	0.0006260425365983618
729	6.237224312294747e-05
730	0.00020069277881472615
731	0.0020346878763262276
732	0.00034384155025441837
733	0.0003261054752597661
734	0.00019452365311347557
735	9.226362472918365e-05
736	0.0005626422594233516
737	0.0005977382709139455
738	0.0011856118916965404
739	0.0008459049017898163
740	0.0002800194051649803
741	0.002021891305636915
742	0.0005628898008699293
743	0.0008361572467732293
744	0.00029200668824418255
745	0.0008252005667159511
746	0.00014020705285905247
747	0.000342281527981439
748	0.0003423603452612598
749	0.0005904092365168435
750	0.00016464081629864212
751	0.000865326993288932
752	0.00010189782909836637
753	0.00021823702146255426
754	0.0003559184129080697
755	0.0006149467254263643
756	0.00046662569734328096
757	0.00025259306297602924
758	0.0003524347111109424
759	0.00020728472692556335
760	0.00028494677961244167
761	0.0002100845992833434
762	0.0007411682692485685
763	0.0004471939603627573
764	0.00013518452108929652
765	0.00010898701878524828
766	0.0001947125716410886
767	0.00010510703790630286
768	0.00029353186895332605
769	0.002163890738739646
770	0.00013144418364309212
771	0.0005973181795889386
772	0.00035493644966011706
773	0.00034467563074495124
774	0.0005090130188865682
775	0.00018341693975951377
776	0.00022928829356312627
777	0.00032674190870218687
778	0.0004900865433535256
779	0.0002171362554851548
780	0.0002153307860010233
781	0.0004605035659880118
782	0.00034213278121507373
783	0.0004128453335652268
784	0.00038912396546246226
785	0.0011574989928299034
786	0.0001425488861927265
787	0.0004952715605033181
788	0.00032083228182820867
789	0.0002845451717361427
790	0.0002878684637660053
791	0.0005478457687931987
792	0.001205869986383613
793	0.0005195756009210216
794	7.927688810285775e-05
795	0.0003530904067015054
796	0.0005479640654904595
797	0.0011180716063526404
798	0.0010866402747216515
799	0.000637953759508586
800	0.00025467137300144905
801	0.0006655421890259771
802	0.0006082360216278245
803	0.00048739924621209294
804	0.00017354419632630466
805	0.00031468799799642255
806	0.00090599713114253
807	0.0004236270321151658
808	0.0016048011734138801
809	0.00022673137852323132
810	0.00012664726076489413
811	0.00025981001098332056
812	0.0001304616599198121
813	0.0005576647416067395
814	0.00028726664455942764
815	0.00023422348059240442
816	0.000667959624781506
817	0.0005288503320382414
818	0.000769956524506292
819	0.00034348727099757395
820	0.0001814072458565885
821	0.00018943143164606448
822	0.00021424666596849275
823	0.0002039971320914534
824	0.0005864381663812392
825	4.3301347072108755e-05
826	0.0005670016254690835
827	0.000191231820979336
828	0.0001750668578319947
829	0.00016648582363136774
830	0.0001718158056259941
831	0.0006327870552386977
832	0.00047953035026010736
833	0.00029705427653161883
834	0.0002476925909128025
835	0.0007768094748608959
836	0.00036051621955010825
837	0.0003989203133021729
838	0.0003536126818595152
839	8.608534819392638e-05
840	0.0012382457310144619
841	0.000279627688736951
842	0.0002782759395190548
843	0.0003707413344439787
844	0.0003206512881959163
845	0.0007490019974975682
846	9.62529971174822e-05
847	0.00015683681927364197
848	0.00033009190009402104
849	0.0009183070862943534
850	0.0003914067012894175
851	0.001701796690851908
852	0.0002509449900252718
853	0.0001581623514084764
854	0.00014388647329418019
855	0.0007458326612960917
856	6.482653181549829e-05
857	0.0006563750171165406
858	0.0005728264112664854
859	0.0002123039471484814
860	0.0003119352608882794
861	0.0005723670645859602
862	9.241804822494381e-05
863	0.0002917538194922385
864	0.0001979450684051832
865	0.00032774911007213853
866	0.0001032754114198344
867	0.0006979853479465247
868	0.0002056734467278877
869	0.0005711949858947792
870	0.000541651753973103
871	0.0002702692107558758
872	0.0008163312409416012
873	0.00014307647393915546
874	8.27963789540983e-05
875	0.0004961598471414347
876	0.0010599027783378076
877	7.941372391773203e-05
878	0.000633617123330471
879	0.0004044859219065648
880	6.430272982928942e-05
881	0.00022303578602419631
882	0.000575928723774586
883	9.207742985391187e-05
884	0.0003842805394732379
885	0.0009574153064194035
886	0.000428547736834594
887	0.0011271320497907176
888	0.00015235388733204764
889	9.872960727018529e-05
890	0.0005828170829277654
891	0.00014712358200440548
892	7.032182045036277e-05
893	0.0002964586233921159
894	0.00014037274178664024
895	0.0007765216966072725
896	0.00013088030402114414
897	0.0001587747500516312
898	0.00028729058917791863
899	9.912359630202202e-05
900	0.00023051316583628972
901	0.00012444520240085686
902	0.00010923414084548537
903	0.00012902596782872103
904	0.000646138505151118
905	0.00025533764898512005
906	0.000565469009376124
907	0.0005846403330120305
908	0.0009301044072894201
909	0.0003291244878369469
910	0.00031560865973857295
911	0.0005182226221992102
912	0.0004237367579774327
913	0.0007300591229079424
914	5.992428730003991e-05
915	0.0003292690404216509
916	0.0011370059125851608
917	0.0005139803065173352
918	0.00015623081198283466
919	0.0006829779073829516
920	5.952513173384792e-05
921	0.000313461108426997
922	0.00012051696806850638
923	0.0007506451087842551
924	0.00028948941036422056
925	0.0007784688855783354
926	0.0004175961581030796
927	0.00040870599993063475
928	0.0004224363350798822
929	0.0001834126050003982
930	0.0006806855506999492
931	0.00020820996987502046
932	0.0009130260770394193
933	0.0001850164031818349
934	0.0004126489712182176
935	0.00010884796210839887
936	0.00048567676971831317
937	0.0015691607106920822
938	0.0002532330815830068
939	0.00045357084680044154
940	0.0005197751010095052
941	0.000289078552723108
942	0.00031553469528604344
943	0.0001707798448442984
944	0.0006876447735452996
945	0.00018750415745748497
946	0.00013311376247934764
947	0.00014073716193650142
948	0.0002669042086883528
949	7.453711537380038e-05
950	0.00010877243016627125
951	0.0002848763986774753
952	0.00014421945661723606
953	0.000850795767092841
954	0.0006276111112892948
955	0.0001480793588558099
956	0.00020418075567907662
957	0.0005209288388154925
958	0.0001643177546429807
959	0.00017424526305718596
960	0.0001981484327248123
961	0.00010482179565771036
962	0.00016183938679360322
963	7.835236047277808e-05
964	0.0005802529375419083
965	0.00021932398464190143
966	0.00015532360307966974
967	0.00043742149683986207
968	0.0005075896191463195
969	0.00021778668670361905
970	0.00012140779227140726
971	0.00017415440475864412
972	0.000767653101259715
973	0.00021904473154344886
974	0.00012267117511997292
975	0.0005988979314771713
976	0.00028756808689308814
977	9.76501797270584e-05
978	0.00038970304905833826
979	0.0005525387225911717
980	0.0001832077747563008
981	0.0003136535846437525
982	0.00018980744835133266
983	0.00010105894192848277
984	0.0001820990167761592
985	6.540619809532056e-05
986	0.0008258085904731163
987	0.0005673253563222276
988	0.0002574296976719973
989	0.0003306198303052219
990	0.000554929784081108
991	0.0006575853946947196
992	0.00022356778801094332
993	0.000348086716503375
994	0.0003783881751255558
995	7.084409605943414e-05
996	0.0004142408900479146
997	0.00013867606494338296
998	0.00010878340267851917
999	9.833230368573221e-05
1000	0.0014137676635059574
1001	0.0010445680285350316
1002	0.0003178538797024
1003	0.0007123753630397478
1004	0.00022940587586707233
1005	0.0004590877367536473
1006	0.0003791024891213309
1007	0.00042124005810918486
1008	0.0007793146111560504
1009	0.0003243526433505142
1010	0.0003382792648300226
1011	0.00019297009311028664
1012	0.00038845718404870286
1013	0.00013628990157540095
1014	0.0001305806273770245
1015	0.00023052909270842296
1016	0.00020188158557130428
1017	8.589243670766556e-05
1018	5.716316027167844e-05
1019	0.0004830130110992987
1020	0.000253479712161377
1021	0.0003214194018578348
1022	0.00033251011514513377
1023	0.00017057499800515825
1024	0.0007320246945443898
1025	0.00037656944556652865
1026	0.00024071278243384403
1027	0.0005820395012998603
1028	0.00025071288674706954
1029	0.00023246152354036608
1030	0.00010382644317243571
1031	0.0003783285652056071
1032	0.00041211414357284853
1033	0.00018497484948901079
1034	0.0003546995432465995
1035	0.0001243254446824775
1036	0.00041505621751196126
1037	0.0003359383806186431
1038	0.0002982266244108735
1039	8.994947373510776e-05
1040	8.740347894463242e-05
1041	0.0001519113936623422
1042	0.00018940909276672898
1043	9.1390584889333e-05
1044	0.0001360035116528866
1045	0.0003038271364764253
1046	0.0003133644460895979
1047	0.00014010074302128484
1048	0.0002593326795970263
1049	0.0001693309615755051
1050	0.0003563572955882519
1051	0.00032744551391027164
1052	0.0001576877473368889
1053	0.0003945267186258543
1054	8.485100348381667e-05
1055	0.00011107802093493123
1056	0.0004984945579807844
1057	0.00011050095728074812
1058	0.00016228655888571146
1059	0.00022509074049767577
1060	0.0001028536347680137
1061	0.00037912263244295214
1062	0.0010613853224828219
1063	0.00016141447282801472
1064	0.00018640917909084354
1065	0.00011389509548018697
1066	7.225710686275401e-05
1067	0.00017188832818159754
1068	0.00013914849503970618
1069	0.0002328315142723643
1070	0.0004715426749520384
1071	0.00018552269747372418
1072	3.28863708448122e-05
1073	0.00033269030149306864
1074	0.00020949742268012056
1075	0.0009118244499409559
1076	0.0011923499185271637
1077	0.00048451619050970165
1078	0.0003733847777663255
1079	0.0002287035455357957
1080	0.00028568838666532945
1081	0.0003085203053275069
1082	0.00044029685242558407
1083	0.00013254225656197713
1084	7.918635744818815e-05
1085	0.0002833807310893629
1086	9.009625590355562e-05
1087	0.00011227587085195506
1088	9.51238516131947e-05
1089	0.00017310983708179663
1090	0.00018094221411659044
1091	0.00022914143665597834
1092	0.0006927676483869593
1093	0.00013898085213682
1094	0.0002218296249498773
1095	0.00011861987641884724
1096	0.0008403081239138057
1097	0.0009528418398884783
1098	0.00035042836470659176
1099	0.0005919249479148233
1100	0.00013383330667813664
1101	0.0001138045811345591
1102	0.00022724258741898713
1103	0.0009095508264156149
1104	8.645186983017992e-05
1105	0.0004715335858980379
1106	0.00013038622829687207
1107	0.00027077545145018383
1108	0.00014392231751511736
1109	0.00021583724948110022
1110	0.00016909518037848574
1111	0.00028549136476336645
1112	0.0002875158752048637
1113	0.00012884333788480703
1114	0.00011353085253690825
1115	0.00031249944603582713
1116	4.618730295172601e-05
1117	0.0002926336103319768
1118	0.00020927931000976494
1119	7.601226555566615e-05
1120	7.372099950306212e-05
1121	0.0002035427385718677
1122	0.00015175271647617898
1123	0.0001542955519508694
1124	0.00016851474441953283
1125	0.0004707621462838385
1126	0.0007554251838501676
1127	0.0005677674539628366
1128	0.0001464193516004613
1129	0.0006966089064499892
1130	0.0003917535141378287
1131	0.000179842620748705
1132	0.0001076485903856716
1133	0.00033277220982702333
1134	0.00033198483509419525
1135	0.00017146170828322147
1136	9.030388179008793e-05
1137	0.0005272382435841808
1138	7.752596028413094e-05
1139	0.000646277864490408
1140	0.00044400105744486133
1141	0.0004519302024959923
1142	0.0004599610425281136
1143	0.0003131633612198629
1144	0.00014368397027309912
1145	0.00027028737177616863
1146	0.0011497706509490159
1147	0.000371897024795208
1148	0.0002760569502278517
1149	6.976749156100053e-05
1150	0.0002134967929324156
1151	0.00029457016756795004
1152	6.035438224774113e-05
1153	0.0002107646239228504
1154	0.0002479246371739544
1155	0.0006583752443613406
1156	8.16042064969925e-05
1157	3.2096825233712615e-05
1158	0.00013975985335439782
1159	0.00013530936511134387
1160	0.0009407308760158799
1161	0.00013964066819764314
1162	0.00029690814620090086
1163	0.0003620913163826752
1164	0.0006413525402385146
1165	0.0005152280455964901
1166	0.000700497824213756
1167	0.0003755280022613637
1168	0.00011812293971298721
1169	0.00018222744187261584
1170	0.00013234379353684806
1171	0.00028059092860871954
1172	0.0003490899406250103
1173	0.00011057437861382934
1174	0.00025842414408848766
1175	7.957697191838246e-05
1176	0.0003610411569920727
1177	0.0003345767845535499
1178	0.00026869294794089896
1179	0.0003351547846036244
1180	0.00024090089118395316
1181	0.0008663715973379297
1182	0.00029320960502514376
1183	0.0005696886494649555
1184	0.00014919640309004082
1185	8.997471122900202e-05
1186	0.0005489183536383144
1187	0.00030547660894803767
1188	0.0003089993717540602
1189	0.0010085888639230775
1190	0.00010298045675460074
1191	0.0001306476523692987
1192	0.0001331456858247447
1193	0.0002965168674587149
1194	0.00031501619922077713
1195	0.0002080161717761762
1196	0.00021876360120355717
1197	0.0004168117050568658
1198	8.862618211775378e-05
1199	0.00016642731583877644
1200	0.00014009479768018526
1201	8.520050283556692e-05
1202	0.0005944784425266135
1203	0.00028164025324718943
1204	9.829797767700501e-05
1205	0.00011230790702668646
1206	4.190222022379793e-05
1207	0.00032291225522686196
1208	0.00020185694396366303
1209	0.0002720372223892566
1210	9.773090306029626e-05
1211	0.00019567550177688821
1212	0.0006141262317660884
1213	0.0002488721660897806
1214	9.943172373129952e-05
1215	0.0006616965515463942
1216	0.0001530493944913832
1217	0.00033694917323012156
1218	0.0001327968134938135
1219	0.00020446466306958328
1220	0.00047734038168885975
1221	0.00011147217012468495
1222	0.0004479569134895002
1223	0.0004940273148762076
1224	0.0004414719853364027
1225	0.00028947023359618906
1226	0.0001900936492052376
1227	0.0007354695777225405
1228	0.0001411238877570102
1229	0.0001278371938877136
1230	6.894811566823113e-05
1231	0.0004580558891909969
1232	0.0003803687170818843
1233	0.00015501665205345342
1234	0.0001495014464010536
1235	0.00010258356936399209
1236	0.000425417195971055
1237	0.00010153492619155468
1238	0.00015603239386161475
1239	0.0006101413127975084
1240	0.00016884431816156298
1241	0.0005863031639971585
1242	0.00026631929816610687
1243	0.000775452325738486
1244	0.00021803103270872656
1245	0.000641404092218822
1246	0.00012095071298168712
1247	0.00015429490366768278
1248	8.312080874113689e-05
1249	9.267749455822005e-05
1250	0.0001628417028934733
1251	8.772805474726842e-05
1252	0.00010973153100718897
1253	0.00023064084050319127
1254	8.178779485012457e-05
1255	0.0002904606986608673
1256	0.00011409996575834475
1257	0.0004936432464636105
1258	0.00022376624743162383
1259	0.0006376527696912098
1260	0.00020758837118593716
1261	0.0004194633048818488
1262	0.00010942894276442452
1263	0.0002699583443161557
1264	0.00034526952732307056
1265	0.000258911628557975
1266	0.0001669208377583073
1267	0.0002067370762413445
1268	0.00014902838834872348
1269	0.00032289007853722484
1270	0.0007464579918944376
1271	0.00018697660188873424
1272	0.00023976714990454093
1273	5.466370848233164e-05
1274	0.00011235860928709571
1275	0.00024486105451225807
1276	0.00015270325976002912
1277	7.205979190457833e-05
1278	5.135755441629414e-05
1279	0.0002039900961468405
1280	0.00013777923123271742
1281	0.00023516921633144513
1282	0.0001687414258680899
1283	8.033349601632928e-05
1284	0.0003616558379605595
1285	0.00028887998233813805
1286	0.00031275023523367465
1287	8.047980364982232e-05
1288	0.00036476103168379693
1289	0.00010133486376871953
1290	0.00018974858399211625
1291	0.00014270789077550205
1292	0.00025540239583231214
1293	0.00010444435425370114
1294	0.00027020655823932173
1295	0.0004726828863881564
1296	0.00034088997444221077
1297	0.0002779831396473305
1298	0.00035291719458999024
1299	0.0004556210211383946
1300	0.00031137246576810114
1301	0.0007007262569216564
1302	0.00030790209971997
1303	6.844316220025332e-05
1304	0.0001666123164246201
1305	0.00010518336894961152
1306	0.00030804059831960457
1307	9.396599722858928e-05
1308	0.00027714663670713697
1309	0.0004184274368048292
1310	0.00014936496566101572
1311	0.00032176889452365177
1312	0.00013465105525452232
1313	0.00018849264162635137
1314	0.00013441380993722146
1315	0.000417379631588202
1316	7.738483497837572e-05
1317	0.0003543746947145032
1318	0.00010286518678487722
1319	0.00011082090844916145
1320	5.391437961506556e-05
1321	0.00022537294837060725
1322	0.00012766573673098216
1323	0.0002075476229442131
1324	0.00021166753631106516
1325	0.00018322329946901595
1326	0.0002860962849806653
1327	7.342339421317483e-05
1328	0.00011633211004981419
1329	7.919229757638867e-05
1330	0.00033409715843345244
1331	0.00011495996652714189
1332	0.00021466188231906942
1333	0.00017845622605618583
1334	0.0002876183902920315
1335	6.852293810995948e-05
1336	9.099898040597429e-05
1337	4.647323817120382e-05
1338	0.00048255151882731093
1339	0.00024937220147633283
1340	0.00014128754721519517
1341	0.00015967888560626178
1342	0.00016612704742725585
1343	9.979949762927245e-05
1344	0.00020195025439529395
1345	0.0002580867123360475
1346	0.00021070377697698757
1347	0.00033917000486237767
1348	0.00018649459916457757
1349	9.271901282383659e-05
1350	0.0004163128505334691
1351	0.00015422836038830526
1352	0.00013698480245358328
1353	0.00026821919239192166
1354	0.00031125195795177706
1355	0.0005910248055562897
1356	0.0001667882039098123
1357	0.00037990709399062173
1358	0.0001332980349190618
1359	0.00034085471523519434
1360	0.0002628594221751399
1361	0.00028693604925008926
1362	0.0007427761630591404
1363	0.0001539930819075227
1364	8.891236455188359e-05
1365	0.00022328075693265595
1366	0.0002171853922639136
1367	0.00013732285031037227
1368	9.186952224141493e-05
1369	9.728123434273858e-05
1370	0.00030593148013277355
1371	0.00011061179209220005
1372	0.00022238234458906033
1373	0.0004411754095763249
1374	9.71195826254938e-05
1375	0.00014327316537532527
1376	0.00010503806144187313
1377	0.00031513515222610864
1378	0.00030409578455066455
1379	0.0002153334965117763
1380	0.00010731434208147992
1381	0.00012445613463448377
1382	0.0004281575465469374
1383	0.00041991414855786693
1384	0.00042394138741155607
1385	0.00013499105988478883
1386	7.679075272871617e-05
1387	0.00016604466370512763
1388	0.0001557200479195891
1389	6.375560725673132e-05
1390	0.00010824965633985753
1391	0.000147162821410575
1392	0.0003520618751529391
1393	0.0002636927235332609
1394	0.00010814531270765347
1395	0.00035832339873965253
1396	0.00017932309200344547
1397	9.345980771590017e-05
1398	5.449944435657128e-05
1399	0.00026352231135242364
1400	5.291697582858996e-05
1401	6.920261309710476e-05
1402	0.0001969763924926232
1403	0.00028134901064645227
1404	0.0013144270681530448
1405	0.00027317528916784235
1406	7.626085017220333e-05
1407	0.0004599926400036762
1408	0.000361662901665471
1409	0.00014134259912948032
1410	0.00014090685136190133
1411	0.00017790945814593465
1412	0.0005626203958703355
1413	0.00037489330293151055
1414	0.00020902199296657896
1415	0.0006340644298957329
1416	0.0002469673480971701
1417	0.00029282853270418173
1418	0.00013903703055866582
1419	7.195009868303402e-05
1420	0.00015201438303221487
1421	0.00024097413131267533
1422	0.0002981017056479819
1423	0.00018011457166485656
1424	0.00013706869170272855
1425	0.00040796666464066553
1426	0.00020278397072759068
1427	0.00020488341651595478
1428	0.00035344778234093347
1429	0.00010966750608550627
1430	6.257396406974655e-05
1431	0.00014953061245551226
1432	0.0001324386709863981
1433	0.00012020926429455324
1434	0.0002687256710506905
1435	5.798446719569038e-05
1436	0.0001686080182239282
1437	0.00017296093062496793
1438	0.00013194407403442775
1439	6.520418908964757e-05
1440	7.954133539594937e-05
1441	9.388259202196317e-05
1442	0.0002892829135640142
1443	0.00014924441226924965
1444	0.00011915179098574466
1445	7.719985336577785e-05
1446	0.00015274196740857127
1447	0.00013311928631730923
1448	0.00011678192876109237
1449	0.00018663024572522136
1450	0.00013299813779207745
1451	0.00020743297183836905
1452	0.00024607110069476036
1453	0.00022437951692795706
1454	0.00043546155359102783
1455	0.00012701009096758637
1456	0.0003026317756114699
1457	7.555479043076586e-05
1458	0.0009016073573088947
1459	0.00010734020963625276
1460	0.00010846865198154858
1461	0.0002612628700707721
1462	0.00017992803665202009
1463	9.287954953695315e-05
1464	0.00015257611324271037
1465	0.00018745388647329518
1466	0.0003174574325548037
1467	0.0002671682163534826
1468	0.0002783140130033634
1469	0.00021917155125712092
1470	0.00010056340100994139
1471	0.00013377949730442138
1472	0.0004033274767384786
1473	5.597971910847844e-05
1474	8.562660915097625e-05
1475	0.00015572920401703743
1476	0.0001356894262584429
1477	0.00015706308410447012
1478	0.000334142265859213
1479	0.0001858173083985039
1480	0.0007468909834758581
1481	0.00010697689905267867
1482	8.237047736728665e-05
1483	0.00021978339141993315
1484	4.556939631304892e-05
1485	0.0001853725738297458
1486	0.00041894170815064716
1487	0.0011460194543986438
1488	0.00037800215509306784
1489	0.00010302822550795637
1490	0.00014395106222229263
1491	9.713140551542356e-05
1492	0.000890815590327813
1493	0.00015668300446756585
1494	9.036454912558183e-05
1495	0.00035954083882472907
1496	0.00011718842298199259
1497	0.0001641967584585104
1498	0.000309920259483108
1499	6.752664450332106e-05
1500	0.00025786707947396046
1501	0.0005384188835971856
1502	9.53188485622869e-05
1503	0.0001446821791163494
1504	2.39357719660676e-05
1505	0.00012726170903652804
1506	0.0002524903418366646
1507	0.0005895126428030891
1508	7.38784380660228e-05
1509	0.0005110589729121575
1510	0.0006194718553362601
1511	8.967403215606786e-05
1512	0.00013867625334832277
1513	0.00020940990865441636
1514	0.00014059868594589137
1515	0.00010300505150487352
1516	6.920292884891039e-05
1517	0.00019198124801546204
1518	0.00021606151794954112
1519	0.00011021487723363766
1520	0.00015145689712150318
1521	0.00011073894560695164
1522	0.0001278636126924586
1523	8.113534713266245e-05
1524	0.0002725470375837639
1525	6.921654741631442e-05
1526	0.00036877268792156277
1527	0.00024458667022109735
1528	0.00016732804739532227
1529	0.0001442174247343702
1530	0.00016150315983263195
1531	0.00015929375218670205
1532	0.00022198075826272023
1533	0.00013588866949596122
1534	0.00011189990904130578
1535	9.877696462042946e-05
1536	0.00012529533929567493
1537	0.00011725831233313098
1538	0.00029227953651451955
1539	0.00047828702636385585
1540	0.00010753307672654438
1541	0.00010584852346620692
1542	0.00016858275940029782
1543	6.114274742166821e-05
1544	0.0001580761690165886
1545	0.00048322972168242975
1546	6.629627766036278e-05
1547	7.158574033266748e-05
1548	0.00018373562651820334
1549	0.000291616786848321
1550	0.00011874558378831529
1551	0.00036069393743394263
1552	0.00023565116848118717
1553	0.0002637334175000045
1554	0.00020597901834962405
1555	0.0010873819685806158
1556	9.418421055021476e-05
1557	0.00014938493635948912
1558	9.893497724430243e-05
1559	5.4795611111139536e-05
1560	0.00020740934416408968
1561	7.601814765389569e-05
1562	0.0008946666297191846
1563	0.00013193305001382222
1564	0.0002888439791539806
1565	0.00014077609926893596
1566	0.00011873449217254892
1567	0.00028041287419967707
1568	9.205965546773283e-05
1569	0.0002893136035446537
1570	0.0001973425294148043
1571	0.0002971982743516571
1572	0.00013313310876844386
1573	0.0003517690663130472
1574	0.00010104872528166572
1575	6.815235583964552e-05
1576	0.00030124424216148416
1577	0.0001680024388789598
1578	0.00016992805684871897
1579	0.000263624641284023
1580	0.00013843827841838267
1581	0.00026158578637480907
1582	0.00013745665377026218
1583	0.00014831179870702625
1584	0.0001638695931135459
1585	0.00014692724803697896
1586	0.0004970138300133514
1587	0.0001261521521610698
1588	5.4433713965626555e-05
1589	3.2626110715718835e-05
1590	0.00016540171930821534
1591	0.00012956867074067211
1592	0.00015068232430529374
1593	0.00021835513304898165
1594	0.00020830924378092709
1595	0.00017189493924351385
1596	0.00042452799417041007
1597	0.00019453633080830082
1598	0.00014126550114306176
1599	0.00019183340451006914
1600	0.00011218351338579796
1601	0.00017434513030492135
1602	0.0003088304183890529
1603	8.410616817891093e-05
1604	0.0004615547427865237
1605	0.00013362740846789296
1606	0.00016823478311429093
1607	0.0002569622141716929
1608	0.0002052138039649295
1609	0.00017386802851622588
1610	7.459978201574344e-05
1611	0.00027014276687510467
1612	0.00016210755040362777
1613	7.725978863042226e-05
1614	0.00012160988012924461
1615	0.0001328291585667211
1616	0.00011236064127201647
1617	7.085631255244088e-05
1618	0.00010099456245186192
1619	0.00020904634611072046
1620	0.00012937843468447896
1621	0.00015128341116934897
1622	8.028300317976078e-05
1623	0.00015174586301866446
1624	7.497405471820613e-05
1625	0.00016596775115217344
1626	0.00021748511565050524
1627	0.00018673584126242934
1628	5.401861101743065e-05
1629	9.905108599593222e-05
1630	0.00019841871737761462
1631	0.00019809530683904543
1632	0.0001069819393106941
1633	0.0001007847908630994
1634	0.00011541908882160602
1635	0.0005802776674778716
1636	0.00030007215622081165
1637	0.000236852625545233
1638	0.0002939426044699303
1639	5.4134002580471834e-05
1640	0.0003461610113115293
1641	0.00010261131982892047
1642	0.0001575227523548431
1643	0.0001221015761413712
1644	8.255238162842476e-05
1645	0.00015950483421089764
1646	8.919701701206451e-05
1647	9.412812694332422e-05
1648	0.00023565171535491807
1649	0.00018001494072289307
1650	0.00021659546578225333
1651	0.0001646240545616954
1652	0.00010763363226328152
1653	0.00018864702786846222
1654	0.0004874995083590827
1655	0.00017887089607701391
1656	0.00016597246575871728
1657	0.0001577689525520131
1658	0.00013614268205125154
1659	0.00019148545212855934
1660	0.0003575603115746645
1661	6.999144880010651e-05
1662	0.00017964014872996672
1663	5.9632358806954486e-05
1664	7.766267039756563e-05
1665	0.0002142557006252446
1666	0.0006373387942916339
1667	0.0006336803398259421
1668	0.0002970742476314052
1669	0.00015531333688687164
1670	0.0002905978493945273
1671	0.0003325945780059263
1672	8.170293775611085e-05
1673	6.689276605238371e-05
1674	7.629341337618355e-05
1675	8.163295887610086e-05
1676	0.0001531179514422179
1677	0.00015918450629759447
1678	0.0003721291319176479
1679	5.412012162340791e-05
1680	7.409134231909141e-05
1681	0.0001235431261405785
1682	0.00011037836391780283
1683	0.0007059204779627685
1684	0.00030989232163668786
1685	0.0002775449948192506
1686	0.00030885283817394635
1687	0.0002478832023554839
1688	8.533075473453821e-05
1689	0.0002779972360690312
1690	0.00017784599505463945
1691	0.00017839049978835833
1692	0.00020754271518060895
1693	0.0001387388720039419
1694	0.00016485414619083082
1695	0.0001351332002019957
1696	0.00048329310820714624
1697	8.740339724124892e-05
1698	0.0001309979405964262
1699	8.044303919929672e-05
1700	0.00013008250384252446
1701	6.971341037567435e-05
1702	0.00027089955504896226
1703	6.764085490428385e-05
1704	0.0001013124694591538
1705	0.00012062734508941345
1706	5.562222440470091e-05
1707	7.937423304253525e-05
1708	0.00012266254577862715
1709	9.491044009523811e-05
1710	8.906625547498725e-05
1711	0.0003393451519480986
1712	0.0003139469773552251
1713	7.81190631751193e-05
1714	0.0005403016113377035
1715	0.00012604037081042268
1716	0.00012320553498291182
1717	0.0001363613548138658
1718	0.00018563427139382005
1719	6.485283354354805e-05
1720	9.224558175572498e-05
1721	0.00012518013483571574
1722	0.0001829413687924724
1723	0.0001665901030506001
1724	0.00024972807271500796
1725	0.00015832443421802818
1726	0.00010569289578786223
1727	9.436528904366027e-05
1728	7.054754130801602e-05
1729	7.92654833682641e-05
1730	0.0001877151064092555
1731	4.837626831480543e-05
1732	0.00025614582312085695
1733	0.0001013008765138902
1734	6.796319525715281e-05
1735	7.276448487289576e-05
1736	7.442693345211372e-05
1737	0.00016655681503966485
1738	0.00010225996056085201
1739	0.00014416357741111832
1740	0.0001277718210020387
1741	7.797130874178923e-05
1742	0.0001241822792127701
1743	0.00015483455922376077
1744	6.170800537547381e-05
1745	0.00021978756315365691
1746	0.00014070645266836182
1747	0.00021075748113015544
1748	6.112483591683008e-05
1749	8.591876953875409e-05
1750	8.200137609334033e-05
1751	0.0003705908698167276
1752	0.0002087858369936852
1753	0.00029730228051872164
1754	6.863288234495039e-05
1755	9.414385907006392e-05
1756	0.000212829560363195
1757	0.00014779139052302194
1758	0.00010509668505657749
1759	0.00020445096120793986
1760	0.0003706320464258217
1761	0.00029188134752664594
1762	8.442793046825199e-05
1763	0.0001012082285112859
1764	0.00013786105787276957
1765	0.00031404907108083295
1766	0.0002661490381162886
1767	0.00027723258429574436
1768	0.00034328325556593625
1769	0.000172544869652425
1770	0.00018495675193095019
1771	0.00020954926493672
1772	5.538475769052479e-05
1773	0.0001817728506481062
1774	7.782542541525789e-05
1775	6.678156262529039e-05
1776	0.0005092033087260529
1777	4.484496317173317e-05
1778	7.064114590217721e-05
1779	6.578592938266437e-05
1780	6.116966484641475e-05
1781	9.971699908389566e-05
1782	0.00015184690503459116
1783	6.965382141595066e-05
1784	6.564024791864902e-05
1785	0.00024286553490124123
1786	9.581828857642171e-05
1787	0.00011320283043688898
1788	7.577007745043618e-05
1789	0.00012423102938237903
1790	0.00015309658340572808
1791	0.0002499951983872507
1792	0.00015751691495279556
1793	9.094709402016315e-05
1794	7.225562150444939e-05
1795	0.00017833769604472743
1796	3.8606088824445035e-05
1797	0.0001666686610932132
1798	6.441778039696265e-05
1799	0.00011911130388322191
1800	6.348667409907834e-05
1801	8.440123838635054e-05
1802	0.00010338040032261257
1803	9.486556769056813e-05
1804	0.0001088840837655938
1805	0.00026288676248156323
1806	6.787702533469429e-05
1807	0.0002978270458784825
1808	0.00027953969627094317
1809	0.00011560665900321107
1810	0.00011195344447807177
1811	0.00014841965525226283
1812	6.053147673031006e-05
1813	0.000392695622138687
1814	0.00013667981753205045
1815	7.873801828526785e-05
1816	0.00014529640719390495
1817	0.0003736469635277306
1818	7.843726794843579e-05
1819	7.667092474420586e-05
1820	0.000145290614938365
1821	0.0003438874724491819
1822	6.725833608197327e-05
1823	0.00014641616464944844
1824	5.9036129988098066e-05
1825	5.475883288810278e-05
1826	0.00011327702834470738
1827	4.52448151938079e-05
1828	0.00011857398372217885
1829	6.213757160985934e-05
1830	7.430231375741486e-05
1831	6.332381433284224e-05
1832	9.377556445910052e-05
1833	0.0003584554089420936
1834	0.00027281778926598727
1835	0.00015128376068107376
1836	9.472575724256891e-05
1837	0.0002550778095062211
1838	8.115154048886158e-05
1839	0.00035132791829639457
1840	6.390357122479982e-05
1841	8.43343966915929e-05
1842	0.00021332925777204292
1843	0.00010560318216480154
1844	7.233177087937579e-05
1845	6.258501200400707e-05
1846	0.00013763635820099988
1847	0.0001717900747988424
1848	8.65337025379587e-05
1849	6.955230831320236e-05
1850	0.0001937965278116746
1851	0.00022346362848950138
1852	0.00010493641042234494
1853	8.575304362853918e-05
1854	0.00014381225286764506
1855	7.64475740093549e-05
1856	0.0001725771885498867
1857	0.0001843026079762047
1858	6.014871580725773e-05
1859	0.00014488506134684886
1860	0.00020038551046988321
1861	9.904583024877836e-05
1862	0.00010558695047450408
1863	0.0001746817209538329
1864	9.261619620003504e-05
1865	6.33252156079732e-05
1866	4.931639639040065e-05
1867	0.00015472849108748077
1868	0.00013096363363968044
1869	4.6518839818581266e-05
1870	0.0001454593861622969
1871	6.881180454384449e-05
1872	8.231140340731158e-05
1873	0.0001715534976826424
1874	0.00010004315144566717
1875	0.00011447616948629348
1876	5.278563091734243e-05
1877	6.166702482554195e-05
1878	8.081575375714816e-05
1879	0.0002528345871269798
1880	6.261622137879186e-05
1881	0.00017046455607503305
1882	0.00011668397931537202
1883	4.256176839378295e-05
1884	0.00013799746591257493
1885	0.00010398913965496215
1886	6.447882976061649e-05
1887	8.337562253229956e-05
1888	0.00036142420469301953
1889	0.0001245513684323242
1890	0.00032931067079553037
1891	0.0001496851455762484
1892	8.976859040744586e-05
1893	0.0001331375648079046
1894	6.534098102880498e-05
1895	8.270453563585056e-05
1896	0.00011946537104375919
1897	0.00015018709103990888
1898	0.00024510088968133614
1899	0.00031509279179522243
1900	0.00029601011457524657
1901	0.00012952488193552887
1902	0.00013562344936387025
1903	0.00011327153533043479
1904	0.00012379752961969414
1905	0.0002526912493373615
1906	5.568080478588325e-05
1907	5.9929480657798775e-05
1908	0.00020836044322759318
1909	9.417894456328552e-05
1910	0.0003372184669627685
1911	0.0001665543287038692
1912	0.00019588976290490544
1913	0.00014698436774573167
1914	6.685488566109169e-05
1915	4.9452979994268e-05
1916	0.0002232542067629856
1917	4.936298343309763e-05
1918	0.00010044910823119571
1919	9.043775656988503e-05
1920	0.00010219098131955919
1921	6.733990123647015e-05
1922	9.805753836865638e-05
1923	0.00013407628923033988
1924	0.00023157449869270718
1925	9.09299006667589e-05
1926	0.00021525255174324206
1927	0.00020646152999314506
1928	0.0006507054929255379
1929	0.00014142834054232297
1930	0.0002872340950974603
1931	0.00012077236772792077
1932	0.000516849314026331
1933	0.00026014796630889343
1934	4.8004844678772134e-05
1935	0.00017309684605888864
1936	5.378343478998085e-05
1937	0.00024929197966677593
1938	8.189771644335845e-05
1939	9.239495498029433e-05
1940	4.757055976410191e-05
1941	0.00029038346732766877
1942	6.003758975564968e-05
1943	0.0002455269105839099
1944	7.471770641466674e-05
1945	0.00010113227283283066
1946	8.777757141653636e-05
1947	7.841082973063898e-05
1948	0.00010259206315157548
1949	0.00010200845547181152
1950	9.693250264593666e-05
1951	0.00027014024787732065
1952	0.00033705711103215285
1953	0.00030099990603179016
1954	6.36803901343416e-05
1955	0.00013192250080112925
1956	0.00011836921404532097
1957	8.12224089239662e-05
1958	0.00010377779199154187
1959	0.0001420927449663688
1960	0.0002810154086825176
1961	0.000230180198151065
1962	7.244015624888554e-05
1963	0.0003660937123230616
1964	0.00014244010152745005
1965	7.613304839953363e-05
1966	0.00019865072484062017
1967	8.769374952014555e-05
1968	6.971221217203387e-05
1969	6.255431350382496e-05
1970	0.00010278862648521671
1971	0.0001466339610568266
1972	8.813261750400654e-05
1973	0.00022416914558776553
1974	0.0001292964687385639
1975	0.00017752153308464016
1976	6.221150288221407e-05
1977	0.0002583314313185896
1978	0.00012662669071992585
1979	0.00012308604700633516
1980	7.037578681690875e-05
1981	0.00010155859559877208
1982	0.00015222200055162201
1983	7.273867903595356e-05
1984	0.0002434391279504097
1985	7.875883843682109e-05
1986	7.796447994330722e-05
1987	0.00013067680345762344
1988	0.0002764668479932842
1989	0.00024270491089541942
1990	0.00015933853954734137
1991	0.00011365891404533722
1992	0.00018899330487472978
1993	5.754564081741228e-05
1994	6.234514231397742e-05
1995	0.0001010475159575742
1996	0.00022570599981051957
1997	0.00031507769167243366
1998	6.695318601356247e-05
1999	5.399584307209729e-05
